Mating System: Maternal Dominant Sporophytic Self Incompatibility, with Distance-Dependent Pollination

Runs=100, Generations=500, Initial PopSize=250, Safe Sites=0.250, First Reproduction=2
Maximum Per-Capita Ovule Production=100.000, Seed Establishment=0.050, Deathrate=0.050
Pollen Dispersal Range=142, Seed Dispersal Range=50, SI Alleles=10, Neutral Alleles=3

Number of Runs Persisting to 500 Generations: 100
Average Persistence: 500.0	Standard Error: 0.000

GEN\tNRUN\tTVEG\tERR1\tTREP\tERR2\t\AGE\tERR3\tEMPTY	ERR4	LREP	ERR5	MATE	ERR6
0	100	250.0	0.000	0.0	0.000	1.0	0.000	.	.	.	.	.	.
1	100	19.7	0.903	226.3	0.475	1.9	0.165	5601.5	9.177	226.3	0.475	180.2	0.407
2	100	17.4	0.733	232.4	0.875	2.8	0.190	5600.0	9.589	232.4	0.875	186.2	0.790
3	100	27.4	0.681	235.8	1.346	3.4	0.168	5606.0	9.774	235.8	1.346	189.2	1.178
4	100	38.5	0.764	248.4	1.617	3.9	0.205	5621.5	9.047	248.4	1.617	199.1	1.405
5	100	49.8	0.848	268.4	1.793	4.3	0.166	5640.4	8.317	268.4	1.793	214.7	1.550
6	100	54.5	0.746	296.2	2.016	4.7	0.239	5659.4	8.309	296.2	2.016	236.2	1.699
7	100	56.2	0.831	326.7	2.198	5.0	0.210	5663.5	8.535	326.7	2.198	258.5	1.848
8	100	59.2	0.888	357.5	2.311	5.3	0.181	5664.0	8.303	357.5	2.311	280.5	1.970
9	100	62.0	0.919	389.9	2.637	5.6	0.253	5657.5	7.784	389.9	2.637	302.7	2.272
10	100	63.5	0.831	422.5	2.834	5.9	0.263	5649.3	7.334	422.5	2.834	325.1	2.524
11	100	64.3	0.835	454.3	2.900	6.2	0.186	5638.8	7.362	454.3	2.900	346.3	2.666
12	100	64.8	0.902	485.5	3.007	6.5	0.242	5625.6	7.346	485.5	3.007	366.6	2.875
13	100	63.9	0.751	515.7	3.153	6.8	0.297	5612.1	6.767	515.7	3.153	386.2	3.117
14	100	64.8	0.835	543.9	3.258	7.1	0.246	5596.5	6.652	543.9	3.258	404.1	3.298
15	100	65.5	0.894	570.5	3.250	7.4	0.237	5583.8	6.562	570.5	3.250	420.8	3.380
16	100	66.4	0.845	596.4	3.524	7.7	0.292	5567.8	6.224	596.4	3.524	436.6	3.667
17	100	63.9	0.844	623.3	3.683	8.0	0.286	5553.9	6.019	623.3	3.683	453.0	3.835
18	100	62.8	0.772	646.5	3.779	8.3	0.240	5542.5	6.370	646.5	3.779	466.8	3.964
19	100	64.7	0.956	666.6	3.875	8.6	0.303	5528.8	6.273	666.6	3.875	478.5	4.070
20	100	63.1	0.877	688.0	4.034	8.9	0.290	5517.0	5.913	688.0	4.034	491.0	4.245
21	100	62.4	0.889	705.7	3.996	9.2	0.281	5506.2	6.396	705.7	3.996	501.1	4.346
22	100	63.1	0.903	722.5	4.146	9.5	0.292	5499.0	6.390	722.5	4.146	510.2	4.506
23	100	62.7	0.882	739.5	4.225	9.8	0.333	5488.3	6.298	739.5	4.225	519.3	4.715
24	100	62.3	0.794	755.6	4.057	10.0	0.307	5478.0	6.072	755.6	4.057	527.2	4.635
25	100	61.7	0.839	769.1	4.067	10.3	0.291	5473.7	6.199	769.1	4.067	533.3	4.698
26	100	62.3	0.806	780.1	4.063	10.6	0.346	5462.5	6.536	780.1	4.063	538.2	4.720
27	100	61.5	0.986	792.8	4.275	10.9	0.342	5458.1	6.370	792.8	4.275	544.0	4.911
28	100	60.6	0.779	803.5	4.386	11.2	0.312	5453.9	6.304	803.5	4.386	548.3	4.916
29	100	60.2	0.789	814.4	4.414	11.4	0.323	5448.9	6.234	814.4	4.414	552.8	4.960
30	100	61.5	0.894	821.2	4.503	11.7	0.356	5444.5	6.240	821.2	4.503	554.3	5.035
31	100	60.3	0.860	831.7	4.572	11.9	0.359	5440.8	6.220	831.7	4.572	559.6	5.127
32	100	60.4	0.830	839.4	4.618	12.2	0.320	5436.0	6.359	839.4	4.618	562.3	5.091
33	100	60.1	0.875	847.7	4.500	12.4	0.352	5432.2	6.111	847.7	4.500	565.1	5.083
34	100	59.6	0.821	854.4	4.495	12.7	0.339	5429.2	5.954	854.4	4.495	567.2	5.131
35	100	60.1	0.871	859.9	4.633	12.9	0.370	5425.4	5.937	859.9	4.633	568.5	5.224
36	100	59.8	0.874	863.6	4.759	13.1	0.354	5423.2	6.128	863.6	4.759	568.4	5.243
37	100	61.4	0.927	867.9	4.871	13.3	0.348	5420.0	6.025	867.9	4.871	568.2	5.296
38	100	61.6	0.828	873.5	4.869	13.5	0.357	5416.0	6.161	873.5	4.869	569.0	5.326
39	100	60.4	0.831	878.7	4.966	13.7	0.383	5416.4	6.019	878.7	4.966	569.3	5.371
40	100	60.3	0.923	882.7	4.856	13.9	0.354	5414.7	6.136	882.7	4.856	569.2	5.344
41	100	60.3	0.819	887.2	5.026	14.1	0.357	5414.6	6.234	887.2	5.026	569.2	5.499
42	100	59.4	0.842	888.8	4.880	14.3	0.363	5413.2	6.349	888.8	4.880	568.0	5.387
43	100	60.9	0.823	890.5	4.888	14.5	0.376	5410.8	6.456	890.5	4.888	566.5	5.303
44	100	60.0	0.876	893.5	4.874	14.7	0.385	5411.1	6.414	893.5	4.874	565.7	5.268
45	100	58.4	0.853	896.7	5.028	14.8	0.394	5410.4	6.452	896.7	5.028	565.3	5.397
46	100	60.1	0.789	898.4	5.075	15.0	0.381	5407.5	6.599	898.4	5.075	563.4	5.451
47	100	59.8	0.900	899.7	5.083	15.1	0.367	5406.3	6.781	899.7	5.083	561.6	5.532
48	100	60.2	0.965	901.7	5.078	15.3	0.402	5403.9	6.945	901.7	5.078	559.7	5.498
49	100	59.2	0.913	903.0	5.070	15.4	0.382	5404.9	6.739	903.0	5.070	557.1	5.468
50	100	59.2	0.833	904.3	5.182	15.6	0.394	5402.3	7.190	904.3	5.182	554.9	5.631
51	100	58.5	0.861	903.7	5.032	15.8	0.400	5403.8	7.484	903.7	5.032	551.4	5.491
52	100	61.0	0.888	903.1	5.032	15.9	0.411	5404.3	7.344	903.1	5.032	547.4	5.491
53	100	59.8	0.828	906.0	5.001	16.0	0.420	5404.9	7.134	906.0	5.001	545.4	5.569
54	100	60.4	0.933	904.8	4.951	16.1	0.393	5404.8	7.063	904.8	4.951	541.9	5.576
55	100	61.5	0.766	905.1	5.112	16.2	0.374	5406.1	6.945	905.1	5.112	538.8	5.647
56	100	60.1	1.023	907.1	5.136	16.3	0.393	5407.4	7.240	907.1	5.136	536.7	5.703
57	100	60.1	0.931	907.3	5.249	16.4	0.394	5408.1	7.297	907.3	5.249	533.5	5.814
58	100	59.0	0.935	906.5	5.292	16.5	0.406	5408.1	7.371	906.5	5.292	529.6	5.877
59	100	60.2	0.942	905.1	5.369	16.6	0.419	5408.8	7.404	905.1	5.369	525.9	5.909
60	100	59.1	0.851	904.8	5.485	16.7	0.409	5411.2	7.465	904.8	5.485	522.6	5.990
61	100	59.2	0.866	904.4	5.480	16.8	0.414	5410.0	7.435	904.4	5.480	519.8	6.084
62	100	59.8	0.896	903.4	5.469	16.9	0.406	5410.6	7.336	903.4	5.469	515.7	6.106
63	100	58.4	0.809	903.0	5.499	17.0	0.415	5412.0	7.299	903.0	5.499	511.6	6.164
64	100	58.5	0.851	902.3	5.445	17.1	0.424	5414.0	7.404	902.3	5.445	507.6	6.141
65	100	59.3	0.955	899.4	5.245	17.2	0.415	5416.9	7.148	899.4	5.245	502.4	6.139
66	100	59.2	0.858	898.1	5.225	17.2	0.399	5418.3	7.066	898.1	5.225	498.6	6.120
67	100	58.9	0.890	896.9	5.162	17.3	0.392	5420.6	7.145	896.9	5.162	494.7	6.238
68	100	58.9	0.966	895.3	5.088	17.4	0.407	5422.6	7.373	895.3	5.088	490.0	6.243
69	100	58.5	0.854	894.2	5.087	17.5	0.414	5422.6	7.428	894.2	5.087	486.4	6.242
70	100	57.0	0.923	890.6	5.213	17.5	0.415	5427.9	7.231	890.6	5.213	480.7	6.231
71	100	58.8	0.932	887.3	5.266	17.6	0.420	5428.6	7.117	887.3	5.266	475.5	6.302
72	100	59.8	0.862	885.7	5.379	17.6	0.411	5429.6	7.218	885.7	5.379	471.9	6.331
73	100	58.0	0.928	884.4	5.417	17.7	0.415	5432.5	7.055	884.4	5.417	467.9	6.328
74	100	57.3	0.913	882.7	5.512	17.7	0.390	5434.8	7.360	882.7	5.512	464.0	6.366
75	100	57.8	0.835	880.7	5.556	17.8	0.389	5437.0	7.307	880.7	5.556	459.6	6.502
76	100	58.2	0.869	880.6	5.628	17.8	0.414	5435.7	7.369	880.6	5.628	456.4	6.522
77	100	58.2	0.928	879.7	5.635	17.9	0.409	5437.4	7.300	879.7	5.635	453.1	6.560
78	100	58.0	0.833	877.6	5.642	17.9	0.414	5440.6	7.385	877.6	5.642	449.4	6.703
79	100	58.0	0.871	876.1	5.537	17.9	0.414	5444.6	7.486	876.1	5.537	446.1	6.753
80	100	58.6	1.031	874.7	5.594	17.9	0.407	5446.6	7.496	874.7	5.594	443.7	6.805
81	100	56.8	0.949	874.2	5.612	18.0	0.426	5447.5	7.395	874.2	5.612	441.0	6.760
82	100	58.2	0.869	871.0	5.579	18.0	0.417	5449.3	7.362	871.0	5.579	436.3	6.773
83	100	57.3	0.960	869.8	5.489	18.1	0.430	5449.9	7.243	869.8	5.489	434.2	6.795
84	100	57.7	0.941	867.7	5.525	18.1	0.403	5451.5	7.307	867.7	5.525	431.4	6.845
85	100	57.9	0.972	865.5	5.410	18.1	0.412	5454.6	7.074	865.5	5.410	427.9	6.916
86	100	57.0	0.879	864.3	5.553	18.1	0.424	5457.3	6.807	864.3	5.553	425.2	6.957
87	100	56.6	0.970	862.9	5.371	18.2	0.425	5458.8	6.534	862.9	5.371	422.9	6.992
88	100	56.0	0.814	861.5	5.501	18.2	0.413	5462.3	6.476	861.5	5.501	420.9	7.081
89	100	56.4	0.851	859.8	5.557	18.3	0.408	5464.8	6.599	859.8	5.557	418.2	7.004
90	100	55.7	0.944	857.4	5.493	18.3	0.409	5469.1	6.470	857.4	5.493	415.6	7.144
91	100	56.4	0.897	854.1	5.389	18.3	0.418	5469.5	6.536	854.1	5.389	411.8	7.148
92	100	56.5	0.859	852.0	5.545	18.3	0.434	5472.5	6.569	852.0	5.545	408.4	7.177
93	100	56.3	0.919	850.2	5.608	18.3	0.414	5476.3	6.436	850.2	5.608	405.7	7.205
94	100	55.4	0.819	848.4	5.453	18.4	0.414	5478.4	6.560	848.4	5.453	403.0	7.191
95	100	56.6	1.025	846.2	5.456	18.4	0.408	5480.2	6.767	846.2	5.456	399.7	7.142
96	100	55.9	0.976	844.8	5.570	18.4	0.421	5483.8	6.717	844.8	5.570	397.0	7.187
97	100	55.5	0.915	843.1	5.584	18.4	0.410	5485.5	6.760	843.1	5.584	394.5	7.299
98	100	55.6	0.941	840.8	5.615	18.4	0.411	5487.2	6.974	840.8	5.615	391.8	7.310
99	100	55.9	0.903	837.8	5.739	18.4	0.410	5489.0	7.313	837.8	5.739	388.8	7.402
100	100	53.5	0.841	836.6	5.635	18.5	0.417	5494.5	7.479	836.6	5.635	386.0	7.411
101	100	54.7	0.926	833.1	5.735	18.5	0.399	5496.0	7.594	833.1	5.735	382.3	7.444
102	100	54.0	0.888	831.9	5.904	18.5	0.403	5496.9	7.677	831.9	5.904	380.0	7.556
103	100	52.5	0.898	828.7	5.810	18.5	0.414	5502.5	7.794	828.7	5.810	376.9	7.578
104	100	54.2	1.036	823.5	5.802	18.5	0.407	5506.0	7.767	823.5	5.802	372.8	7.505
105	100	53.8	0.948	821.8	5.950	18.6	0.404	5508.1	7.589	821.8	5.950	370.2	7.524
106	100	52.9	0.847	821.0	6.088	18.6	0.382	5507.7	7.430	821.0	6.088	368.3	7.512
107	100	51.2	0.915	818.6	5.984	18.7	0.425	5510.3	7.404	818.6	5.984	365.6	7.518
108	100	53.2	0.962	813.2	5.954	18.7	0.416	5514.1	7.544	813.2	5.954	362.1	7.476
109	100	51.7	0.918	811.9	5.982	18.8	0.436	5515.7	7.787	811.9	5.982	360.2	7.458
110	100	52.5	0.846	808.1	5.884	18.7	0.435	5517.7	7.494	808.1	5.884	357.4	7.439
111	100	52.9	0.896	805.8	5.888	18.8	0.419	5519.3	7.247	805.8	5.888	354.4	7.377
112	100	52.9	0.923	803.1	5.989	18.8	0.424	5522.0	7.371	803.1	5.989	351.8	7.230
113	100	51.1	0.932	800.9	6.133	18.8	0.415	5522.7	7.532	800.9	6.133	349.5	7.331
114	100	51.3	0.963	798.3	6.349	18.8	0.434	5524.1	7.594	798.3	6.349	347.0	7.372
115	100	50.8	0.907	795.3	6.404	18.8	0.440	5524.1	7.782	795.3	6.404	344.7	7.413
116	100	50.2	0.823	790.8	6.330	18.8	0.427	5527.8	7.465	790.8	6.330	341.3	7.264
117	100	51.2	0.907	788.3	6.254	18.9	0.434	5526.5	7.134	788.3	6.254	339.2	7.222
118	100	51.1	1.007	785.7	6.278	18.9	0.428	5528.5	6.862	785.7	6.278	337.3	7.169
119	100	50.6	1.042	783.7	6.302	18.8	0.412	5531.6	7.048	783.7	6.302	335.3	7.137
120	100	51.3	0.990	782.0	6.507	18.8	0.412	5530.7	7.157	782.0	6.507	333.6	7.135
121	100	50.2	0.860	779.5	6.605	18.8	0.409	5534.9	7.200	779.5	6.605	332.0	7.146
122	100	51.4	0.972	778.0	6.543	18.8	0.449	5538.0	7.179	778.0	6.543	330.4	7.105
123	100	49.1	0.946	776.0	6.760	18.9	0.431	5539.8	7.249	776.0	6.760	329.3	7.025
124	100	48.5	0.907	772.7	6.623	18.9	0.452	5544.3	7.200	772.7	6.623	327.9	6.923
125	100	48.9	0.952	770.5	6.639	18.9	0.414	5545.4	7.218	770.5	6.639	326.7	6.928
126	100	48.4	0.899	767.8	6.645	18.9	0.413	5543.6	7.055	767.8	6.645	324.5	6.910
127	100	48.2	0.871	764.6	6.557	19.0	0.404	5546.6	7.369	764.6	6.557	323.0	6.906
128	100	48.4	0.895	761.8	6.626	19.0	0.429	5548.5	7.172	761.8	6.626	321.1	6.878
129	100	48.3	0.914	759.5	6.743	19.0	0.421	5549.0	7.467	759.5	6.743	319.3	6.851
130	100	47.4	0.849	757.5	6.571	19.0	0.433	5554.8	7.170	757.5	6.571	318.0	6.930
131	100	48.2	0.989	754.5	6.552	19.0	0.434	5555.6	7.489	754.5	6.552	316.5	6.829
132	100	47.8	0.984	751.8	6.574	19.0	0.432	5556.1	7.587	751.8	6.574	315.0	6.804
133	100	47.5	0.996	748.4	6.488	19.1	0.410	5559.0	7.387	748.4	6.488	312.9	6.768
134	100	47.6	1.126	745.4	6.702	19.1	0.422	5562.5	7.601	745.4	6.702	310.8	6.891
135	100	46.7	0.952	743.1	6.821	19.1	0.421	5564.2	7.360	743.1	6.821	309.6	6.947
136	100	46.0	0.987	741.6	6.929	19.1	0.393	5564.0	7.592	741.6	6.929	308.6	6.880
137	100	46.5	1.043	738.1	6.973	19.1	0.414	5561.6	7.587	738.1	6.973	306.8	6.876
138	100	45.3	0.807	735.6	7.004	19.1	0.415	5565.1	7.830	735.6	7.004	305.3	6.833
139	100	46.1	1.043	733.0	6.914	19.1	0.412	5563.7	7.794	733.0	6.914	303.4	6.776
140	100	45.5	0.947	730.9	7.066	19.1	0.411	5563.2	7.750	730.9	7.066	301.4	6.723
141	100	45.7	0.986	727.2	7.167	19.2	0.426	5567.6	7.830	727.2	7.167	299.3	6.690
142	100	45.0	0.995	723.3	7.229	19.2	0.412	5570.2	7.956	723.3	7.229	296.5	6.702
143	100	45.2	0.945	721.4	7.282	19.2	0.414	5570.4	7.981	721.4	7.282	295.2	6.687
144	100	45.5	0.873	718.7	7.396	19.1	0.433	5572.7	7.688	718.7	7.396	293.4	6.706
145	100	43.6	0.974	716.7	7.298	19.2	0.408	5577.4	7.955	716.7	7.298	292.5	6.571
146	100	43.5	0.930	713.1	7.402	19.2	0.447	5580.0	7.827	713.1	7.402	290.2	6.533
147	100	44.0	0.865	709.8	7.308	19.3	0.427	5581.4	7.951	709.8	7.308	287.9	6.537
148	100	44.1	0.931	707.5	7.277	19.2	0.432	5580.6	7.754	707.5	7.277	286.3	6.472
149	100	43.5	0.900	706.8	7.306	19.3	0.422	5583.2	7.634	706.8	7.306	285.2	6.428
150	100	42.4	1.015	703.3	7.193	19.3	0.419	5586.7	7.536	703.3	7.193	283.1	6.346
151	100	42.5	0.915	699.7	7.255	19.3	0.418	5591.3	7.299	699.7	7.255	281.3	6.360
152	100	43.2	1.012	697.3	7.371	19.3	0.412	5593.6	7.544	697.3	7.371	279.3	6.362
153	100	42.0	0.873	695.6	7.418	19.4	0.410	5595.0	7.636	695.6	7.418	278.6	6.340
154	100	42.5	1.050	693.0	7.373	19.4	0.426	5592.0	7.690	693.0	7.373	277.1	6.310
155	100	41.9	0.927	690.6	7.474	19.4	0.439	5594.6	7.629	690.6	7.474	275.6	6.291
156	100	41.7	0.815	687.0	7.440	19.4	0.428	5595.4	7.381	687.0	7.440	273.1	6.217
157	100	41.4	0.937	683.7	7.290	19.5	0.429	5596.7	7.827	683.7	7.290	270.7	6.270
158	100	41.9	0.925	680.6	7.362	19.5	0.448	5595.8	7.525	680.6	7.362	268.4	6.219
159	100	41.0	0.942	678.7	7.398	19.5	0.412	5595.3	7.645	678.7	7.398	267.5	6.224
160	100	40.7	0.985	676.3	7.437	19.5	0.404	5594.1	7.838	676.3	7.437	266.1	6.211
161	100	40.0	0.991	673.1	7.434	19.5	0.410	5594.8	7.692	673.1	7.434	264.4	6.189
162	100	40.5	1.037	669.5	7.549	19.5	0.404	5595.6	7.920	669.5	7.549	262.6	6.132
163	100	40.1	0.959	666.8	7.647	19.5	0.419	5596.0	7.606	666.8	7.647	261.5	6.149
164	100	41.2	0.964	663.5	7.627	19.6	0.423	5594.1	7.482	663.5	7.627	259.2	6.153
165	100	41.1	1.053	661.8	7.651	19.5	0.413	5593.7	7.388	661.8	7.651	258.3	6.168
166	100	39.7	1.045	660.1	7.680	19.6	0.399	5595.4	7.503	660.1	7.680	257.1	6.136
167	100	39.7	1.056	655.8	7.809	19.6	0.428	5599.4	7.875	655.8	7.809	255.3	6.158
168	100	39.5	0.972	652.6	7.885	19.6	0.399	5600.0	8.006	652.6	7.885	254.0	6.166
169	100	39.8	1.047	650.8	7.932	19.6	0.433	5595.8	8.056	650.8	7.932	253.0	6.214
170	100	38.7	1.021	648.3	8.038	19.6	0.419	5594.5	7.902	648.3	8.038	252.2	6.225
171	100	38.9	0.921	645.0	8.099	19.6	0.422	5596.4	7.961	645.0	8.099	251.3	6.188
172	100	38.1	1.010	641.9	8.077	19.7	0.434	5606.3	8.063	641.9	8.077	249.8	6.171
173	100	37.8	0.980	639.1	8.203	19.7	0.414	5607.7	8.297	639.1	8.203	248.2	6.136
174	100	38.0	1.008	635.9	8.244	19.7	0.425	5608.2	8.473	635.9	8.244	246.9	6.169
175	100	37.6	1.047	634.3	8.448	19.8	0.430	5607.1	8.250	634.3	8.448	246.8	6.172
176	100	37.7	0.998	630.8	8.440	19.8	0.436	5607.8	8.483	630.8	8.440	245.8	6.138
177	100	36.9	1.017	628.3	8.491	19.9	0.413	5604.2	8.679	628.3	8.491	245.0	6.104
178	100	36.5	0.986	624.5	8.651	19.9	0.425	5606.5	8.491	624.5	8.651	244.1	6.177
179	100	36.4	0.934	622.0	8.795	19.9	0.404	5602.0	8.606	622.0	8.795	243.6	6.242
180	100	35.4	0.934	619.8	8.871	20.0	0.420	5603.6	8.597	619.8	8.871	242.7	6.200
181	100	36.2	0.901	616.0	8.820	20.0	0.431	5602.8	8.793	616.0	8.820	240.8	6.145
182	100	36.0	0.909	613.1	8.773	20.0	0.420	5603.8	9.191	613.1	8.773	240.0	6.148
183	100	35.5	0.906	611.8	8.902	20.0	0.433	5606.4	9.270	611.8	8.902	239.0	6.139
184	100	35.2	0.957	608.3	8.863	20.0	0.428	5608.9	9.317	608.3	8.863	237.8	6.040
185	100	35.7	0.915	605.2	8.918	20.0	0.441	5607.2	9.371	605.2	8.918	236.6	6.044
186	100	35.6	0.791	601.9	8.802	20.0	0.431	5608.0	9.948	601.9	8.802	235.4	5.974
187	100	35.5	0.924	599.0	8.691	20.1	0.425	5611.4	9.646	599.0	8.691	234.3	5.934
188	100	34.7	0.854	596.6	8.785	20.1	0.421	5611.8	9.687	596.6	8.785	233.2	5.922
189	100	34.7	0.959	594.0	8.738	20.1	0.425	5613.0	9.927	594.0	8.738	232.4	5.867
190	100	34.5	0.909	591.4	8.833	20.1	0.405	5616.1	10.062	591.4	8.833	231.5	5.907
191	100	33.8	0.888	588.5	8.789	20.2	0.415	5617.8	9.791	588.5	8.789	229.5	5.865
192	100	33.7	0.881	584.6	8.769	20.2	0.461	5618.0	9.825	584.6	8.769	228.1	5.859
193	100	34.9	0.796	581.3	8.905	20.2	0.452	5617.1	9.953	581.3	8.905	226.8	5.849
194	100	34.4	0.823	579.0	8.814	20.1	0.412	5619.2	9.978	579.0	8.814	225.4	5.846
195	100	34.1	0.806	576.0	8.824	20.1	0.421	5616.8	9.849	576.0	8.824	223.9	5.830
196	100	34.2	0.857	574.2	8.781	20.0	0.458	5613.7	10.154	574.2	8.781	222.8	5.771
197	100	34.2	0.920	571.7	8.798	20.0	0.425	5611.9	10.519	571.7	8.798	220.7	5.758
198	100	32.0	0.882	568.5	8.865	20.1	0.443	5615.1	10.594	568.5	8.865	219.1	5.819
199	100	32.3	0.844	564.5	8.881	20.1	0.421	5616.5	10.327	564.5	8.881	217.1	5.771
200	100	34.1	0.963	562.0	8.868	20.0	0.411	5616.2	10.656	562.0	8.868	215.5	5.768
201	100	31.5	0.882	560.3	8.855	20.1	0.419	5619.5	10.750	560.3	8.855	214.7	5.741
202	100	32.7	0.904	556.4	8.882	20.1	0.430	5617.4	10.780	556.4	8.882	213.0	5.706
203	100	32.3	0.956	554.3	8.886	20.1	0.425	5615.5	11.216	554.3	8.886	211.9	5.707
204	100	32.0	0.973	550.9	8.821	20.1	0.413	5614.0	11.407	550.9	8.821	210.4	5.623
205	100	32.0	1.026	548.2	8.938	20.1	0.425	5609.9	11.274	548.2	8.938	209.1	5.645
206	100	32.7	0.876	545.7	9.056	20.1	0.430	5611.0	11.465	545.7	9.056	208.0	5.660
207	100	31.1	0.991	544.8	9.016	20.1	0.425	5608.4	11.747	544.8	9.016	207.3	5.712
208	100	32.1	0.941	541.3	9.110	20.1	0.398	5608.2	11.815	541.3	9.110	206.2	5.732
209	100	30.8	0.884	539.4	9.156	20.1	0.454	5609.9	11.308	539.4	9.156	205.4	5.681
210	100	30.8	0.871	536.4	9.207	20.1	0.430	5607.3	11.457	536.4	9.207	204.4	5.682
211	100	31.2	0.913	533.6	9.212	20.2	0.414	5604.2	11.584	533.6	9.212	203.3	5.648
212	100	29.6	0.925	532.1	9.318	20.2	0.406	5602.7	12.105	532.1	9.318	202.3	5.657
213	100	30.5	0.930	528.6	9.328	20.2	0.413	5600.7	12.019	528.6	9.328	200.5	5.695
214	100	30.3	0.938	527.1	9.353	20.2	0.411	5599.3	12.155	527.1	9.353	200.0	5.657
215	100	30.4	0.867	524.2	9.340	20.1	0.435	5595.5	12.222	524.2	9.340	198.7	5.563
216	100	30.1	0.859	522.2	9.341	20.1	0.406	5592.0	12.426	522.2	9.341	197.2	5.517
217	100	29.3	0.902	519.7	9.232	20.1	0.433	5592.3	12.482	519.7	9.232	196.3	5.479
218	100	30.0	0.922	515.8	9.185	20.1	0.430	5592.2	12.547	515.8	9.185	194.8	5.457
219	100	30.8	0.961	513.9	9.185	20.1	0.392	5586.0	12.879	513.9	9.185	193.9	5.430
220	100	29.5	0.813	512.5	9.342	20.1	0.415	5588.4	13.316	512.5	9.342	193.1	5.402
221	100	29.0	0.871	509.3	9.342	20.2	0.417	5587.0	13.418	509.3	9.342	191.8	5.324
222	100	29.3	0.920	505.4	9.286	20.2	0.423	5586.1	13.575	505.4	9.286	190.2	5.281
223	100	28.9	0.843	503.2	9.390	20.2	0.439	5583.8	13.687	503.2	9.390	189.4	5.319
224	100	28.8	0.786	500.7	9.386	20.2	0.430	5580.5	13.401	500.7	9.386	188.5	5.330
225	100	28.7	0.918	498.5	9.335	20.3	0.430	5578.0	13.494	498.5	9.335	187.1	5.296
226	100	29.9	0.910	496.5	9.273	20.2	0.410	5574.7	13.804	496.5	9.273	186.0	5.254
227	100	28.0	0.914	495.5	9.315	20.2	0.402	5574.7	13.809	495.5	9.315	185.1	5.217
228	100	27.9	0.878	492.0	9.359	20.2	0.417	5574.4	13.751	492.0	9.359	183.7	5.190
229	100	28.5	0.883	489.7	9.316	20.3	0.408	5570.9	13.921	489.7	9.316	182.0	5.136
230	100	28.0	0.807	488.3	9.391	20.3	0.415	5567.5	14.071	488.3	9.391	181.3	5.090
231	100	27.6	0.817	485.9	9.402	20.2	0.437	5568.3	14.279	485.9	9.402	179.9	5.014
232	100	26.9	0.801	484.1	9.370	20.3	0.417	5565.2	14.383	484.1	9.370	179.2	5.058
233	100	27.7	0.975	481.0	9.361	20.3	0.403	5564.4	14.466	481.0	9.361	178.2	5.060
234	100	26.2	0.877	479.3	9.481	20.3	0.428	5559.3	14.498	479.3	9.481	177.1	5.069
235	100	26.9	0.864	476.8	9.590	20.3	0.416	5557.9	14.626	476.8	9.590	176.0	5.051
236	100	26.5	0.837	474.7	9.597	20.4	0.427	5558.1	14.846	474.7	9.597	174.7	5.068
237	100	26.3	0.748	471.6	9.521	20.4	0.416	5557.3	15.326	471.6	9.521	173.0	4.955
238	100	25.8	0.901	469.7	9.459	20.4	0.417	5556.9	15.541	469.7	9.459	172.3	4.944
239	100	26.3	0.808	466.8	9.403	20.5	0.424	5550.7	15.819	466.8	9.403	170.9	4.899
240	100	25.7	0.951	464.6	9.369	20.5	0.425	5551.6	16.340	464.6	9.369	169.5	4.863
241	100	26.4	0.971	461.6	9.458	20.5	0.424	5549.7	16.343	461.6	9.458	167.9	4.825
242	100	25.7	0.857	459.9	9.516	20.5	0.397	5546.1	16.294	459.9	9.516	166.6	4.747
243	100	25.6	0.912	458.3	9.516	20.5	0.424	5543.5	16.109	458.3	9.516	165.7	4.809
244	100	25.4	0.907	456.0	9.631	20.6	0.434	5541.7	15.983	456.0	9.631	165.2	4.763
245	100	24.9	0.822	454.2	9.781	20.6	0.434	5537.1	16.540	454.2	9.781	164.1	4.771
246	100	24.7	0.830	451.2	9.738	20.6	0.427	5535.0	16.809	451.2	9.738	163.0	4.748
247	100	24.7	0.834	448.2	9.694	20.7	0.422	5534.4	16.624	448.2	9.694	161.9	4.699
248	100	25.0	0.846	445.9	9.518	20.7	0.418	5530.6	16.624	445.9	9.518	161.0	4.634
249	100	23.9	0.874	443.2	9.491	20.8	0.403	5526.4	16.972	443.2	9.491	159.9	4.598
250	100	24.0	0.819	441.1	9.512	20.8	0.399	5524.9	17.273	441.1	9.512	159.0	4.651
251	100	23.9	0.785	438.0	9.481	20.8	0.440	5525.6	17.206	438.0	9.481	157.6	4.574
252	100	24.7	0.922	434.2	9.334	20.8	0.417	5521.7	17.406	434.2	9.334	156.4	4.496
253	100	23.5	0.810	432.9	9.489	20.8	0.440	5515.3	17.256	432.9	9.489	155.9	4.496
254	100	24.4	0.906	429.8	9.480	20.8	0.449	5513.0	17.304	429.8	9.480	154.7	4.501
255	100	24.2	0.834	427.5	9.581	20.8	0.424	5511.1	17.899	427.5	9.581	153.0	4.434
256	100	23.5	0.905	426.0	9.540	20.9	0.434	5511.4	17.976	426.0	9.540	152.2	4.411
257	100	23.0	0.864	423.0	9.527	20.9	0.428	5512.4	17.956	423.0	9.527	150.8	4.349
258	100	22.7	0.813	420.8	9.595	21.0	0.435	5506.2	18.425	420.8	9.595	150.2	4.390
259	100	23.4	0.869	418.2	9.629	21.0	0.423	5507.6	18.647	418.2	9.629	149.5	4.389
260	100	22.7	0.813	416.6	9.657	21.0	0.424	5503.0	19.302	416.6	9.657	149.2	4.404
261	100	22.1	0.745	414.5	9.618	21.0	0.440	5502.8	19.772	414.5	9.618	148.6	4.420
262	100	22.1	0.759	411.6	9.608	21.1	0.438	5503.3	19.665	411.6	9.608	147.8	4.406
263	100	22.0	0.794	409.3	9.470	21.1	0.431	5498.9	20.465	409.3	9.470	147.0	4.386
264	100	22.2	0.783	406.3	9.456	21.1	0.446	5494.2	20.422	406.3	9.456	145.7	4.429
265	100	21.3	0.775	403.7	9.527	21.2	0.439	5491.1	20.396	403.7	9.527	144.9	4.432
266	100	22.0	0.805	400.6	9.537	21.2	0.384	5489.5	20.899	400.6	9.537	143.8	4.470
267	100	20.8	0.776	398.2	9.577	21.3	0.442	5486.5	20.992	398.2	9.577	143.1	4.540
268	100	21.6	0.811	395.7	9.594	21.3	0.434	5480.8	21.015	395.7	9.594	142.3	4.549
269	100	20.7	0.776	393.8	9.657	21.3	0.424	5478.0	20.825	393.8	9.657	141.3	4.521
270	100	20.7	0.732	390.5	9.657	21.3	0.434	5476.3	21.007	390.5	9.657	140.1	4.497
271	100	21.0	0.775	387.5	9.597	21.4	0.423	5475.2	21.506	387.5	9.597	139.0	4.440
272	100	20.0	0.695	385.6	9.632	21.3	0.450	5471.3	21.777	385.6	9.632	138.4	4.426
273	100	20.7	0.781	382.2	9.485	21.3	0.454	5466.9	21.942	382.2	9.485	137.0	4.385
274	100	20.9	0.775	379.8	9.474	21.3	0.436	5465.2	22.273	379.8	9.474	135.9	4.384
275	100	20.3	0.741	377.9	9.484	21.3	0.413	5460.8	22.849	377.9	9.484	135.1	4.356
276	100	20.5	0.757	375.5	9.501	21.4	0.431	5455.3	22.586	375.5	9.501	133.8	4.342
277	100	20.8	0.763	372.9	9.455	21.3	0.409	5452.0	23.209	372.9	9.455	133.0	4.328
278	100	18.9	0.787	371.5	9.497	21.4	0.457	5448.8	23.528	371.5	9.497	132.2	4.322
279	100	19.6	0.764	369.0	9.532	21.4	0.428	5444.2	23.298	369.0	9.532	131.0	4.326
280	100	20.3	0.746	365.9	9.475	21.4	0.434	5440.1	23.591	365.9	9.475	129.4	4.299
281	100	18.4	0.753	364.9	9.501	21.5	0.436	5436.0	23.958	364.9	9.501	128.7	4.263
282	100	19.1	0.753	362.8	9.484	21.5	0.431	5430.1	24.268	362.8	9.484	128.1	4.238
283	100	19.6	0.706	359.8	9.498	21.5	0.410	5426.2	24.209	359.8	9.498	127.4	4.204
284	100	19.1	0.765	357.6	9.460	21.5	0.424	5422.2	23.804	357.6	9.460	126.5	4.165
285	100	19.8	0.810	355.6	9.439	21.5	0.416	5422.4	24.015	355.6	9.439	125.6	4.123
286	100	18.2	0.687	354.5	9.516	21.5	0.416	5418.5	24.059	354.5	9.516	124.9	4.140
287	100	19.1	0.818	350.6	9.310	21.5	0.422	5415.3	24.297	350.6	9.310	123.1	4.069
288	100	18.8	0.768	349.5	9.350	21.5	0.409	5412.4	24.414	349.5	9.350	122.6	4.048
289	100	18.0	0.725	346.9	9.278	21.6	0.400	5406.8	25.251	346.9	9.278	121.7	3.995
290	100	17.6	0.736	344.2	9.204	21.6	0.419	5402.6	25.400	344.2	9.204	120.6	3.956
291	100	18.5	0.731	341.3	9.187	21.6	0.417	5397.4	25.826	341.3	9.187	119.4	3.936
292	100	17.7	0.673	339.2	9.118	21.7	0.413	5392.8	25.976	339.2	9.118	118.6	3.872
293	100	18.0	0.761	336.8	9.027	21.6	0.445	5385.4	25.648	336.8	9.027	117.7	3.863
294	100	18.0	0.833	334.6	9.033	21.7	0.422	5380.1	25.417	334.6	9.033	116.5	3.808
295	100	17.4	0.743	332.2	9.077	21.7	0.413	5376.1	25.960	332.2	9.077	115.3	3.830
296	100	17.6	0.729	329.7	9.010	21.7	0.398	5370.3	26.069	329.7	9.010	114.3	3.758
297	100	17.3	0.826	327.3	8.920	21.7	0.425	5366.8	26.198	327.3	8.920	113.1	3.702
298	100	16.5	0.734	325.4	8.968	21.8	0.433	5360.8	26.060	325.4	8.968	112.2	3.722
299	100	16.4	0.721	321.7	8.874	21.8	0.434	5354.7	26.608	321.7	8.874	111.1	3.660
300	100	15.9	0.745	319.2	8.831	21.9	0.408	5351.5	26.598	319.2	8.831	109.8	3.637
301	100	15.6	0.675	315.7	8.735	21.9	0.417	5346.4	26.880	315.7	8.735	108.7	3.604
302	100	15.7	0.846	312.8	8.740	22.0	0.402	5339.4	26.733	312.8	8.740	107.5	3.614
303	100	15.2	0.706	311.1	8.857	22.1	0.397	5335.4	26.721	311.1	8.857	106.6	3.618
304	100	15.7	0.729	307.7	8.843	22.1	0.417	5330.7	27.033	307.7	8.843	105.4	3.626
305	100	15.0	0.658	305.6	8.816	22.2	0.380	5322.0	27.706	305.6	8.816	104.7	3.605
306	100	15.1	0.664	302.3	8.739	22.2	0.367	5322.0	27.710	302.3	8.739	103.5	3.572
307	100	15.3	0.668	299.7	8.672	22.2	0.367	5316.8	27.910	299.7	8.672	102.7	3.561
308	100	15.6	0.713	296.5	8.707	22.2	0.361	5311.3	27.909	296.5	8.707	101.5	3.569
309	100	15.1	0.737	294.8	8.651	22.3	0.368	5308.5	27.852	294.8	8.651	101.3	3.575
310	100	14.7	0.681	292.7	8.667	22.3	0.390	5302.0	27.648	292.7	8.667	101.0	3.608
311	100	15.0	0.701	290.4	8.630	22.3	0.395	5291.6	27.945	290.4	8.630	100.0	3.619
312	100	14.7	0.670	288.2	8.608	22.3	0.372	5286.7	27.904	288.2	8.608	99.2	3.631
313	100	14.4	0.648	285.9	8.608	22.3	0.361	5278.8	28.110	285.9	8.608	98.4	3.615
314	100	14.5	0.742	283.6	8.629	22.4	0.343	5270.9	28.428	283.6	8.629	97.9	3.651
315	100	14.6	0.658	281.5	8.673	22.4	0.330	5265.4	28.715	281.5	8.673	97.1	3.632
316	100	14.4	0.649	279.8	8.690	22.4	0.324	5266.0	28.543	279.8	8.690	96.7	3.654
317	100	14.1	0.635	277.9	8.746	22.5	0.330	5268.0	28.869	277.9	8.746	96.1	3.675
318	100	14.9	0.662	275.0	8.595	22.4	0.359	5263.2	28.811	275.0	8.595	94.9	3.623
319	100	14.1	0.652	273.2	8.588	22.5	0.288	5256.7	29.116	273.2	8.588	94.3	3.652
320	100	13.6	0.642	271.4	8.616	22.5	0.332	5251.4	29.727	271.4	8.616	93.8	3.690
321	100	13.7	0.681	268.8	8.595	22.5	0.279	5242.4	30.104	268.8	8.595	92.8	3.660
322	100	13.9	0.705	266.8	8.625	22.6	0.270	5238.5	30.223	266.8	8.625	92.4	3.696
323	100	13.9	0.645	265.5	8.729	22.6	0.197	5231.6	30.149	265.5	8.729	91.7	3.745
324	100	13.5	0.702	263.8	8.678	22.6	0.259	5222.3	30.188	263.8	8.678	91.0	3.770
325	100	13.4	0.671	261.9	8.695	22.7	0.198	5214.9	30.512	261.9	8.695	90.5	3.787
326	100	13.0	0.630	260.4	8.647	22.6	0.185	5206.1	31.174	260.4	8.647	90.0	3.779
327	100	13.2	0.647	258.9	8.678	22.6	0.223	5200.2	31.414	258.9	8.678	89.0	3.790
328	100	13.3	0.718	256.3	8.607	22.6	0.226	5191.3	31.617	256.3	8.607	87.7	3.776
329	100	12.9	0.663	255.1	8.579	22.6	0.278	5189.5	30.968	255.1	8.579	87.0	3.759
330	100	13.3	0.669	252.7	8.522	22.5	0.260	5179.6	31.123	252.7	8.522	86.3	3.692
331	100	12.5	0.632	250.9	8.567	22.6	0.278	5176.6	30.899	250.9	8.567	85.5	3.686
332	100	11.9	0.588	248.0	8.562	22.6	0.244	5173.1	30.809	248.0	8.562	84.3	3.671
333	100	12.6	0.612	245.4	8.547	22.7	0.280	5171.6	31.144	245.4	8.547	83.3	3.645
334	100	12.3	0.625	243.7	8.541	22.7	0.318	5164.7	31.429	243.7	8.541	82.9	3.651
335	100	12.1	0.605	242.6	8.525	22.6	0.317	5156.9	31.094	242.6	8.525	82.3	3.591
336	100	12.2	0.617	240.0	8.467	22.5	0.341	5148.4	31.074	240.0	8.467	81.4	3.571
337	100	11.9	0.675	238.3	8.446	22.6	0.354	5141.6	30.656	238.3	8.446	80.6	3.525
338	100	11.5	0.556	236.1	8.407	22.6	0.392	5137.1	30.583	236.1	8.407	79.8	3.489
339	100	12.3	0.619	234.0	8.373	22.5	0.382	5127.7	30.885	234.0	8.373	79.1	3.439
340	100	11.7	0.574	232.6	8.341	22.5	0.408	5125.7	30.721	232.6	8.341	78.8	3.432
341	100	11.9	0.564	231.4	8.354	22.5	0.404	5114.4	31.274	231.4	8.354	78.3	3.414
342	100	11.6	0.611	230.1	8.337	22.4	0.410	5107.5	31.910	230.1	8.337	77.8	3.411
343	100	11.9	0.628	227.8	8.296	22.3	0.413	5103.5	31.752	227.8	8.296	76.9	3.412
344	100	11.7	0.634	226.1	8.255	22.4	0.382	5097.2	31.707	226.1	8.255	76.4	3.442
345	100	11.5	0.596	224.4	8.226	22.3	0.343	5092.4	31.651	224.4	8.226	75.3	3.407
346	100	12.0	0.618	222.4	8.152	22.3	0.371	5086.9	32.320	222.4	8.152	74.6	3.419
347	100	11.2	0.617	221.1	8.089	22.3	0.355	5079.2	32.086	221.1	8.089	74.4	3.396
348	100	11.1	0.605	219.4	8.061	22.4	0.378	5073.2	32.349	219.4	8.061	73.6	3.361
349	100	10.4	0.522	217.7	7.993	22.4	0.351	5070.5	32.342	217.7	7.993	72.9	3.347
350	100	10.4	0.555	215.6	7.935	22.5	0.396	5065.5	32.502	215.6	7.935	72.2	3.355
351	100	10.5	0.592	213.3	7.918	22.6	0.367	5055.9	33.069	213.3	7.918	71.2	3.319
352	100	10.2	0.607	211.6	7.918	22.6	0.368	5054.4	31.736	211.6	7.918	70.6	3.304
353	100	10.6	0.618	209.6	7.977	22.7	0.367	5054.1	31.861	209.6	7.977	69.8	3.341
354	100	10.7	0.636	207.5	7.904	22.6	0.358	5045.5	31.116	207.5	7.904	69.2	3.315
355	100	10.0	0.634	205.9	7.880	22.7	0.351	5041.5	31.509	205.9	7.880	68.5	3.317
356	100	10.5	0.648	204.1	7.913	22.6	0.398	5033.5	31.640	204.1	7.913	68.0	3.332
357	100	10.0	0.624	202.5	7.908	22.7	0.358	5029.5	31.376	202.5	7.908	67.2	3.297
358	100	9.8	0.515	200.8	7.960	22.8	0.361	5030.4	31.262	200.8	7.960	66.4	3.324
359	100	9.6	0.543	199.0	7.953	22.8	0.307	5020.4	30.947	199.0	7.953	65.6	3.336
360	100	9.5	0.552	197.3	7.886	22.8	0.343	5017.2	30.816	197.3	7.886	65.1	3.322
361	100	10.2	0.572	195.0	7.848	22.8	0.356	5016.5	31.465	195.0	7.848	64.3	3.297
362	100	9.6	0.525	194.1	7.838	22.8	0.377	5012.9	32.027	194.1	7.838	63.9	3.315
363	100	9.7	0.570	192.2	7.703	22.8	0.338	5005.7	32.186	192.2	7.703	63.2	3.277
364	100	9.5	0.523	191.3	7.704	22.8	0.329	4995.7	32.086	191.3	7.704	62.8	3.257
365	100	9.4	0.515	190.0	7.626	22.9	0.341	4990.3	33.204	190.0	7.626	62.6	3.263
366	100	9.1	0.518	188.6	7.612	22.9	0.294	4990.8	33.341	188.6	7.612	62.1	3.286
367	100	9.2	0.635	186.9	7.574	23.0	0.311	4987.3	33.737	186.9	7.574	61.6	3.273
368	100	9.6	0.486	185.1	7.549	22.9	0.314	4976.9	33.956	185.1	7.549	61.0	3.276
369	100	9.1	0.589	183.5	7.391	23.0	0.322	4973.6	34.790	183.5	7.391	60.6	3.215
370	100	8.9	0.581	182.0	7.384	23.0	0.333	4972.8	35.055	182.0	7.384	59.9	3.192
371	100	9.1	0.602	180.6	7.352	23.0	0.315	4963.6	35.195	180.6	7.352	59.4	3.176
372	100	8.6	0.600	178.9	7.421	23.2	0.239	4956.6	34.700	178.9	7.421	59.0	3.231
373	100	8.5	0.528	177.2	7.437	23.2	0.295	4953.9	35.172	177.2	7.437	58.5	3.243
374	100	9.0	0.617	175.8	7.463	23.2	0.278	4950.1	35.168	175.8	7.463	58.1	3.284
375	100	9.2	0.665	174.5	7.396	23.1	0.279	4946.5	34.724	174.5	7.396	58.1	3.308
376	100	8.8	0.758	173.8	7.422	23.1	0.282	4935.5	35.176	173.8	7.422	57.7	3.314
377	100	8.6	0.650	172.1	7.483	23.2	0.264	4930.8	35.575	172.1	7.483	57.2	3.370
378	100	8.6	0.685	170.4	7.533	23.3	0.302	4931.1	36.183	170.4	7.533	56.4	3.381
379	100	9.0	0.683	168.9	7.564	23.3	0.260	4928.4	36.363	168.9	7.564	55.9	3.414
380	100	8.1	0.684	167.9	7.662	23.3	0.246	4928.1	36.107	167.9	7.662	55.5	3.454
381	100	8.3	0.661	166.2	7.725	23.4	0.223	4924.0	36.556	166.2	7.725	55.0	3.535
382	100	8.1	0.661	164.8	7.787	23.5	0.268	4917.4	37.021	164.8	7.787	54.7	3.605
383	100	7.9	0.648	163.2	7.825	23.6	0.257	4909.7	37.217	163.2	7.825	53.8	3.570
384	100	8.6	0.755	161.4	7.866	23.5	0.232	4902.0	37.633	161.4	7.866	53.1	3.566
385	100	7.9	0.622	160.4	7.995	23.6	0.244	4897.9	37.733	160.4	7.995	52.8	3.645
386	100	7.9	0.634	159.1	8.042	23.6	0.200	4886.1	38.248	159.1	8.042	52.5	3.667
387	100	7.6	0.711	157.6	7.999	23.8	0.134	4879.9	38.108	157.6	7.999	52.0	3.680
388	100	7.8	0.616	156.2	8.000	23.6	0.244	4878.9	38.559	156.2	8.000	51.8	3.729
389	100	8.3	0.715	155.3	8.053	23.6	0.203	4866.0	38.508	155.3	8.053	51.6	3.722
390	100	7.5	0.637	154.5	8.138	23.7	0.144	4861.4	38.255	154.5	8.138	51.1	3.783
391	100	7.5	0.642	152.9	8.127	23.7	0.143	4852.4	38.126	152.9	8.127	50.5	3.833
392	100	8.2	0.745	151.7	8.147	23.7	0.179	4838.0	38.416	151.7	8.147	50.1	3.851
393	100	7.4	0.646	151.0	8.265	23.6	0.177	4830.6	38.287	151.0	8.265	49.7	3.895
394	100	7.4	0.683	149.7	8.251	23.6	0.215	4831.5	38.036	149.7	8.251	49.3	3.927
395	100	7.2	0.619	148.9	8.338	23.7	0.193	4820.3	38.137	148.9	8.338	48.8	3.923
396	100	6.8	0.637	147.3	8.400	23.8	0.118	4817.6	38.447	147.3	8.400	48.2	3.967
397	100	7.0	0.697	145.8	8.426	23.8	0.119	4819.9	37.952	145.8	8.426	47.8	3.936
398	100	7.2	0.685	144.8	8.519	23.7	0.209	4809.2	38.382	144.8	8.519	47.8	4.020
399	100	7.3	0.675	143.8	8.616	23.7	0.051	4801.5	38.097	143.8	8.616	47.5	4.073
400	100	7.2	0.591	142.4	8.681	23.7	0.076	4794.0	38.191	142.4	8.681	47.0	4.086
401	100	7.0	0.698	141.0	8.690	23.9	0.028	4788.8	38.326	141.0	8.690	46.5	4.109
402	100	7.2	0.599	140.2	8.678	23.6	0.071	4796.6	37.879	140.2	8.678	46.4	4.135
403	100	7.3	0.610	139.2	8.695	23.5	0.052	4793.0	37.988	139.2	8.695	46.1	4.154
404	100	7.2	0.718	138.7	8.777	23.6	0.038	4783.7	37.752	138.7	8.777	45.8	4.187
405	100	6.9	0.653	137.9	8.973	23.6	0.145	4775.6	38.123	137.9	8.973	45.6	4.272
406	100	6.6	0.537	136.6	8.976	23.7	0.069	4766.7	38.348	136.6	8.976	45.2	4.296
407	100	6.8	0.606	134.8	8.900	23.8	0.220	4763.5	38.340	134.8	8.900	44.5	4.238
408	100	6.9	0.677	134.1	8.803	23.7	0.139	4768.4	39.070	134.1	8.803	44.5	4.216
409	100	6.7	0.579	132.6	8.866	23.7	0.068	4762.8	38.788	132.6	8.866	44.0	4.246
410	100	6.5	0.622	131.8	8.762	23.6	0.083	4765.5	39.264	131.8	8.762	43.7	4.211
411	100	6.7	0.617	130.8	8.870	23.4	0.125	4766.5	40.216	130.8	8.870	43.3	4.219
412	100	7.1	0.697	130.4	8.831	23.2	0.188	4774.4	38.685	130.4	8.831	43.2	4.187
413	100	6.9	0.703	129.8	8.992	23.2	0.201	4767.1	38.802	129.8	8.992	43.2	4.315
414	100	7.0	0.619	129.6	9.040	23.1	0.282	4767.1	38.710	129.6	9.040	43.4	4.326
415	100	6.8	0.584	129.6	9.022	23.2	0.272	4767.6	39.015	129.6	9.022	43.2	4.337
416	100	6.5	0.660	128.7	8.974	23.4	0.320	4765.3	39.889	128.7	8.974	43.0	4.319
417	100	6.9	0.647	127.7	8.922	23.4	0.345	4763.1	39.778	127.7	8.922	42.7	4.274
418	100	7.2	0.572	127.1	8.858	23.2	0.355	4767.9	40.472	127.1	8.858	42.6	4.269
419	100	7.3	0.586	126.5	8.845	23.0	0.320	4767.6	40.716	126.5	8.845	42.4	4.296
420	100	7.2	0.593	125.9	8.679	22.9	0.311	4767.2	41.471	125.9	8.679	42.3	4.188
421	100	7.6	0.734	126.1	8.610	22.7	0.367	4775.1	41.240	126.1	8.610	42.5	4.172
422	100	7.3	0.690	126.4	8.684	22.7	0.325	4772.6	41.416	126.4	8.684	42.5	4.171
423	100	7.2	0.628	126.1	8.586	22.6	0.353	4770.2	41.710	126.1	8.586	42.1	4.085
424	100	7.7	0.726	126.2	8.576	22.4	0.324	4776.8	41.639	126.2	8.576	42.3	4.077
425	100	7.3	0.672	126.3	8.607	22.4	0.313	4776.4	42.348	126.3	8.607	42.4	4.104
426	100	7.4	0.668	126.5	8.707	22.4	0.353	4775.9	42.046	126.5	8.707	42.5	4.148
427	100	7.4	0.689	126.8	8.643	22.3	0.336	4776.5	43.128	126.8	8.643	42.5	4.131
428	100	7.6	0.722	127.4	8.679	22.0	0.313	4773.7	43.094	127.4	8.679	42.8	4.178
429	100	7.4	0.683	127.7	8.674	21.9	0.283	4765.1	43.386	127.7	8.674	42.6	4.190
430	100	7.9	0.724	127.2	8.717	21.8	0.257	4766.2	44.435	127.2	8.717	42.4	4.189
431	100	7.9	0.784	128.1	8.736	21.7	0.311	4765.4	44.454	128.1	8.736	42.8	4.224
432	100	7.7	0.737	128.3	8.848	21.7	0.315	4761.3	44.722	128.3	8.848	42.8	4.223
433	100	8.1	0.801	128.3	8.908	21.5	0.323	4770.6	44.659	128.3	8.908	42.9	4.248
434	100	7.8	0.830	129.6	8.891	21.4	0.299	4781.1	43.873	129.6	8.891	43.5	4.201
435	100	8.0	0.838	129.6	8.980	21.5	0.345	4777.4	44.463	129.6	8.980	43.7	4.202
436	100	7.4	0.733	129.9	9.105	21.6	0.353	4779.9	44.773	129.9	9.105	43.8	4.236
437	100	7.9	0.831	129.4	9.133	21.5	0.334	4780.1	45.068	129.4	9.133	43.6	4.217
438	100	7.8	0.832	129.9	9.187	21.5	0.368	4789.3	44.127	129.9	9.187	43.7	4.215
439	100	7.5	0.819	129.8	9.352	21.6	0.378	4792.9	44.720	129.8	9.352	43.6	4.238
440	100	7.5	0.798	129.9	9.470	21.6	0.393	4790.9	45.085	129.9	9.470	43.8	4.296
441	100	7.7	0.783	130.1	9.539	21.6	0.352	4792.5	45.059	130.1	9.539	43.9	4.308
442	100	7.6	0.751	130.7	9.585	21.4	0.343	4801.1	44.920	130.7	9.585	44.4	4.350
443	100	7.7	0.845	130.7	9.610	21.4	0.351	4807.0	44.104	130.7	9.610	44.4	4.331
444	100	7.3	0.753	131.5	9.813	21.3	0.350	4815.6	43.912	131.5	9.813	44.7	4.411
445	100	7.8	0.853	130.9	9.779	21.3	0.329	4828.1	43.363	130.9	9.779	44.5	4.379
446	100	7.6	0.741	131.5	9.878	21.3	0.326	4837.6	43.735	131.5	9.878	44.7	4.394
447	100	7.7	0.751	130.8	9.901	21.2	0.323	4834.6	44.462	130.8	9.901	44.5	4.404
448	100	8.3	0.823	130.8	9.906	21.3	0.351	4837.5	44.940	130.8	9.906	44.4	4.350
449	100	7.6	0.810	131.4	9.936	21.2	0.341	4838.2	45.100	131.4	9.936	44.6	4.361
450	100	8.0	0.813	131.7	10.009	21.1	0.402	4855.6	44.582	131.7	10.009	45.0	4.364
451	100	7.9	0.792	132.0	10.081	21.0	0.378	4861.8	43.899	132.0	10.081	45.2	4.341
452	100	7.5	0.798	131.8	10.096	21.0	0.402	4866.9	44.022	131.8	10.096	45.0	4.307
453	100	8.2	0.807	132.1	10.094	20.9	0.406	4879.4	43.299	132.1	10.094	45.2	4.266
454	100	8.6	0.837	131.9	10.104	20.8	0.419	4883.4	44.427	131.9	10.104	45.0	4.229
455	100	8.4	0.828	132.7	10.071	20.7	0.370	4897.8	44.829	132.7	10.071	45.4	4.160
456	100	8.4	0.869	133.3	10.120	20.7	0.385	4898.0	45.358	133.3	10.120	45.5	4.146
457	100	8.5	0.821	134.5	10.233	20.6	0.404	4916.6	45.539	134.5	10.233	45.9	4.151
458	100	9.1	0.816	134.8	10.331	20.6	0.423	4915.3	45.525	134.8	10.331	46.0	4.158
459	100	10.1	0.953	135.9	10.309	20.5	0.430	4925.0	45.356	135.9	10.309	46.2	4.120
460	100	9.5	0.901	137.7	10.450	20.4	0.461	4930.7	45.735	137.7	10.450	46.7	4.142
461	100	9.6	1.005	138.3	10.468	20.4	0.479	4929.0	47.253	138.3	10.468	46.8	4.117
462	100	9.9	0.886	139.6	10.528	20.3	0.486	4943.4	47.933	139.6	10.528	47.2	4.134
463	100	10.4	0.952	140.6	10.525	20.2	0.486	4937.2	48.324	140.6	10.525	47.3	4.106
464	100	10.4	1.010	142.7	10.639	19.7	0.449	4945.2	47.659	142.7	10.639	48.0	4.113
465	100	10.1	0.949	145.2	10.730	19.7	0.455	4948.7	48.523	145.2	10.730	48.6	4.116
466	100	9.9	0.905	147.1	10.890	19.6	0.479	4950.2	48.450	147.1	10.890	49.4	4.138
467	100	10.6	0.953	147.9	10.889	19.6	0.457	4946.7	48.879	147.9	10.889	49.4	4.097
468	100	10.1	0.948	149.4	10.989	19.6	0.470	4947.6	50.555	149.4	10.989	50.0	4.159
469	100	10.5	0.914	150.5	11.027	19.4	0.465	4957.6	50.304	150.5	11.027	50.5	4.173
470	100	10.9	0.955	152.0	11.073	19.2	0.431	4966.2	50.371	152.0	11.073	51.2	4.178
471	100	10.8	0.974	154.2	11.168	19.1	0.419	4974.3	50.145	154.2	11.168	52.0	4.178
472	100	10.8	1.013	156.3	11.261	19.1	0.413	4984.1	50.030	156.3	11.261	52.7	4.201
473	100	10.9	1.025	158.2	11.437	19.2	0.423	4986.0	50.258	158.2	11.437	53.1	4.248
474	100	11.2	1.033	159.0	11.577	19.1	0.407	4988.0	50.251	159.0	11.577	53.2	4.261
475	100	11.1	1.049	160.4	11.741	19.2	0.436	4987.0	50.326	160.4	11.741	53.8	4.303
476	100	11.5	1.059	161.4	11.832	19.1	0.436	4991.5	50.660	161.4	11.832	53.7	4.338
477	100	10.9	0.982	162.7	11.949	19.2	0.440	4990.0	50.925	162.7	11.949	54.1	4.411
478	100	10.8	0.999	164.3	11.931	19.0	0.386	4998.5	51.016	164.3	11.931	55.1	4.457
479	100	11.8	1.056	164.9	11.983	18.9	0.400	4996.7	51.289	164.9	11.983	55.5	4.509
480	100	11.3	1.070	166.6	12.112	18.9	0.382	4998.1	51.627	166.6	12.112	56.0	4.502
481	100	11.6	1.090	168.4	12.196	18.8	0.353	5000.4	50.379	168.4	12.196	56.8	4.550
482	100	11.9	1.041	170.0	12.372	18.8	0.372	4994.2	50.823	170.0	12.372	57.3	4.622
483	100	11.8	1.062	171.1	12.495	18.8	0.390	4998.4	51.397	171.1	12.495	57.8	4.721
484	100	11.8	1.048	172.9	12.620	18.8	0.384	5001.6	51.547	172.9	12.620	58.5	4.785
485	100	11.7	1.002	173.7	12.662	18.7	0.369	4996.6	51.990	173.7	12.662	58.9	4.862
486	100	11.9	1.035	174.9	12.729	18.7	0.383	4991.3	52.907	174.9	12.729	59.3	4.920
487	100	11.4	1.035	176.3	12.821	18.8	0.334	4994.6	53.230	176.3	12.821	59.8	5.004
488	100	12.0	0.974	176.9	12.996	18.7	0.311	4993.4	53.920	176.9	12.996	60.1	5.087
489	100	11.9	1.038	177.7	12.928	18.8	0.338	4997.3	54.323	177.7	12.928	60.5	5.094
490	100	11.8	1.117	179.0	13.023	18.9	0.328	5000.0	54.002	179.0	13.023	60.9	5.120
491	100	11.6	1.095	179.8	13.171	19.0	0.333	4998.5	54.215	179.8	13.171	61.2	5.205
492	100	11.9	1.051	180.4	13.298	19.0	0.364	4997.8	53.885	180.4	13.298	61.5	5.245
493	100	12.4	1.166	181.3	13.397	19.1	0.361	4995.7	54.830	181.3	13.397	62.1	5.297
494	100	12.0	1.087	182.6	13.494	19.1	0.387	4991.3	55.404	182.6	13.494	62.6	5.337
495	100	11.9	1.156	183.6	13.508	19.1	0.382	4993.6	55.625	183.6	13.508	63.1	5.340
496	100	12.0	1.169	184.9	13.676	19.1	0.337	5003.9	54.659	184.9	13.676	64.0	5.416
497	100	11.9	1.095	185.3	13.776	19.1	0.363	5010.9	53.328	185.3	13.776	64.6	5.519
498	100	12.0	1.135	186.0	13.921	19.1	0.364	5014.2	53.713	186.0	13.921	65.3	5.613
499	100	12.6	1.226	186.6	14.054	19.2	0.374	5016.9	54.206	186.6	14.054	65.5	5.681
500	100	11.8	1.139	187.8	14.268	19.4	0.363	5011.2	54.859	187.8	14.268	66.0	5.756
