Mating System: Maternal Dominant Sporophytic Self Incompatibility, with Distance-Dependent Pollination

Runs=50, Generations=500, Initial PopSize=250, Safe Sites=0.250, First Reproduction=2
Maximum Per-Capita Ovule Production=100.000, Seed Establishment=0.050, Deathrate=0.050
Pollen Dispersal Range=142, Seed Dispersal Range=50, SI Alleles=10, Neutral Alleles=3

Number of Runs Persisting to 500 Generations: 1
Average Persistence: 418.5	Standard Error: 5.742

GEN\tNRUN\tTVEG\tERR1\tTREP\tERR2\t\AGE\tERR3\tEMPTY	ERR4	LREP	ERR5	MATE	ERR6
0	50	250.0	0.000	0.0	0.000	1.0	0.000	.	.	.	.	.	.
1	50	11.5	0.456	225.8	0.672	2.0	0.239	5585.5	14.875	225.8	0.672	179.4	0.613
2	50	11.3	0.583	224.9	0.633	2.8	0.283	5585.8	15.770	224.9	0.633	178.6	0.524
3	50	15.2	0.553	224.1	0.881	3.6	0.284	5597.7	14.741	224.1	0.881	178.0	0.757
4	50	19.4	0.603	226.3	1.126	4.3	0.218	5616.9	15.648	226.3	1.126	179.5	0.930
5	50	22.4	0.874	233.0	1.230	4.9	0.365	5637.3	16.363	233.0	1.230	184.6	1.066
6	50	25.5	0.693	241.7	1.571	5.4	0.285	5654.7	16.395	241.7	1.571	190.7	1.390
7	50	27.2	0.835	253.0	1.857	5.8	0.378	5675.1	15.938	253.0	1.857	198.3	1.698
8	50	28.7	0.906	264.6	2.189	6.3	0.287	5692.5	15.472	264.6	2.189	206.1	2.018
9	50	31.4	1.069	276.8	2.615	6.6	0.381	5710.6	14.068	276.8	2.615	214.1	2.408
10	50	33.6	1.135	291.0	3.230	6.9	0.393	5713.3	14.144	291.0	3.230	223.4	2.956
11	50	34.4	1.124	306.0	3.827	7.2	0.350	5716.9	13.879	306.0	3.827	232.9	3.473
12	50	36.0	1.010	321.7	4.439	7.5	0.365	5726.7	13.383	321.7	4.439	243.2	3.999
13	50	36.2	1.186	338.5	4.725	7.7	0.381	5731.0	12.155	338.5	4.725	254.3	4.353
14	50	38.9	1.120	353.8	5.174	8.0	0.405	5727.8	12.190	353.8	5.174	264.5	4.894
15	50	37.6	0.932	371.3	5.511	8.2	0.355	5728.7	11.419	371.3	5.511	275.3	5.232
16	50	39.8	1.053	386.3	5.626	8.5	0.383	5724.8	10.948	386.3	5.626	284.6	5.484
17	50	38.9	1.035	402.2	5.969	8.7	0.435	5723.9	11.608	402.2	5.969	294.5	5.832
18	50	40.1	1.080	417.3	5.974	8.9	0.453	5724.9	11.641	417.3	5.974	303.7	5.892
19	50	39.8	1.093	432.5	5.927	9.2	0.412	5721.6	11.686	432.5	5.927	313.0	5.932
20	50	41.5	1.192	447.4	6.275	9.4	0.380	5715.2	11.590	447.4	6.275	322.0	6.211
21	50	43.3	1.291	462.3	6.623	9.6	0.435	5707.3	11.106	462.3	6.623	331.4	6.652
22	50	42.4	1.067	478.3	7.111	9.8	0.438	5697.9	10.324	478.3	7.111	341.7	6.972
23	50	40.9	1.071	493.2	7.227	10.1	0.461	5687.9	9.775	493.2	7.227	351.5	7.043
24	50	42.8	1.445	505.7	7.373	10.3	0.407	5680.2	10.424	505.7	7.373	359.9	7.320
25	50	41.8	1.196	519.0	7.543	10.5	0.449	5672.7	10.566	519.0	7.543	367.9	7.616
26	50	40.8	0.998	531.8	7.810	10.7	0.440	5660.4	10.442	531.8	7.810	377.0	7.869
27	50	41.2	1.034	541.3	8.032	10.9	0.465	5658.1	9.892	541.3	8.032	383.2	8.087
28	50	40.0	1.181	551.8	8.123	11.2	0.477	5657.1	9.775	551.8	8.123	390.8	8.319
29	50	40.0	1.272	559.1	8.387	11.4	0.501	5650.1	9.860	559.1	8.387	395.2	8.604
30	50	41.6	1.249	566.5	8.450	11.7	0.465	5642.8	9.786	566.5	8.450	399.4	8.841
31	50	39.2	1.316	577.2	8.635	11.9	0.435	5642.3	10.106	577.2	8.635	406.2	9.160
32	50	38.8	1.098	584.5	9.058	12.2	0.468	5638.6	9.749	584.5	9.058	411.6	9.503
33	50	37.1	1.282	590.8	9.220	12.4	0.480	5636.8	9.740	590.8	9.220	416.2	9.686
34	50	38.9	1.180	595.2	9.613	12.7	0.507	5633.6	8.923	595.2	9.613	419.4	10.072
35	50	38.7	1.043	602.3	9.878	12.9	0.507	5633.1	9.697	602.3	9.878	423.9	10.288
36	50	39.3	1.268	607.8	10.039	13.1	0.527	5628.9	9.662	607.8	10.039	426.9	10.431
37	50	37.8	1.157	614.4	10.161	13.3	0.496	5629.2	9.773	614.4	10.161	431.0	10.434
38	50	38.9	1.110	618.7	10.170	13.5	0.524	5624.9	9.515	618.7	10.170	433.3	10.383
39	50	37.1	1.112	624.5	10.354	13.8	0.492	5619.2	10.114	624.5	10.354	437.2	10.532
40	50	38.7	1.359	627.4	10.465	14.0	0.554	5612.8	9.921	627.4	10.465	438.4	10.645
41	50	37.1	0.991	631.6	10.661	14.2	0.532	5608.9	9.905	631.6	10.661	441.0	10.818
42	50	36.3	0.932	634.1	10.657	14.4	0.495	5611.5	9.738	634.1	10.657	442.3	10.799
43	50	36.7	1.155	636.2	10.631	14.6	0.547	5608.0	9.926	636.2	10.631	443.1	10.784
44	50	36.9	1.320	638.0	10.705	14.8	0.532	5609.6	8.882	638.0	10.705	444.5	10.885
45	50	36.1	1.095	639.5	11.113	15.0	0.536	5609.4	9.114	639.5	11.113	445.4	11.146
46	50	34.7	1.111	640.9	11.187	15.2	0.516	5606.9	8.448	640.9	11.187	446.5	11.216
47	50	36.2	1.030	639.5	10.893	15.4	0.547	5606.5	8.395	639.5	10.893	445.1	10.940
48	50	36.6	1.206	640.1	10.820	15.6	0.577	5608.5	8.460	640.1	10.820	444.9	10.867
49	50	35.3	1.394	642.2	11.158	15.8	0.525	5603.5	7.911	642.2	11.158	446.3	11.034
50	50	34.8	1.280	641.5	11.361	16.0	0.563	5608.7	8.101	641.5	11.361	445.3	10.996
51	50	36.4	1.085	640.0	11.600	16.1	0.596	5610.3	7.581	640.0	11.600	443.5	11.116
52	50	34.8	1.131	641.2	11.607	16.3	0.565	5608.6	8.500	641.2	11.607	443.8	11.122
53	50	36.0	1.211	641.5	11.787	16.4	0.542	5603.2	8.832	641.5	11.787	443.6	11.166
54	50	34.9	1.210	641.8	12.157	16.6	0.556	5605.8	8.719	641.8	12.157	443.8	11.406
55	50	35.4	1.471	641.1	12.497	16.7	0.568	5608.1	8.973	641.1	12.497	443.2	11.643
56	50	33.5	1.168	641.4	12.842	16.9	0.545	5608.1	8.460	641.4	12.842	443.3	11.879
57	50	34.1	1.129	639.3	13.099	17.1	0.580	5610.0	8.752	639.3	13.099	441.0	11.945
58	50	33.7	1.183	636.8	12.998	17.2	0.620	5612.1	8.625	636.8	12.998	438.7	11.838
59	50	33.3	1.329	635.7	13.330	17.4	0.557	5618.1	8.876	635.7	13.330	437.7	12.012
60	50	34.8	1.136	633.8	13.626	17.5	0.564	5614.7	9.592	633.8	13.626	436.1	12.111
61	50	32.2	1.093	633.6	13.667	17.6	0.546	5614.4	9.797	633.6	13.667	435.3	12.074
62	50	32.4	0.895	629.3	13.367	17.7	0.547	5618.3	9.932	629.3	13.367	431.8	11.791
63	50	32.5	1.033	626.6	13.259	17.8	0.574	5618.5	9.839	626.6	13.259	428.9	11.686
64	50	32.3	0.944	626.6	13.174	17.9	0.579	5616.3	9.502	626.6	13.174	428.1	11.599
65	50	33.3	1.171	624.8	12.851	18.0	0.614	5618.8	10.127	624.8	12.851	426.2	11.385
66	50	32.8	1.082	623.8	12.902	18.1	0.566	5615.7	9.958	623.8	12.902	424.9	11.336
67	50	32.7	0.986	622.8	12.775	18.2	0.570	5611.6	10.026	622.8	12.775	423.4	11.130
68	50	32.1	1.081	620.7	12.773	18.3	0.592	5612.9	9.831	620.7	12.773	420.8	11.186
69	50	32.0	1.232	618.4	12.666	18.4	0.556	5612.2	10.283	618.4	12.666	418.4	11.102
70	50	32.6	1.110	616.3	12.853	18.4	0.569	5611.4	9.837	616.3	12.853	415.8	11.154
71	50	32.6	1.031	616.4	13.028	18.5	0.587	5605.9	9.316	616.4	13.028	415.0	11.267
72	50	30.7	1.062	615.0	13.022	18.6	0.606	5607.6	9.660	615.0	13.022	413.8	11.282
73	50	32.5	1.187	612.5	13.020	18.7	0.628	5606.0	9.897	612.5	13.020	412.1	11.248
74	50	31.3	1.065	612.5	13.258	18.7	0.602	5603.0	8.917	612.5	13.258	411.4	11.387
75	50	32.1	1.212	608.9	13.201	18.8	0.603	5605.1	8.879	608.9	13.201	408.5	11.362
76	50	29.8	1.075	607.4	13.273	18.9	0.635	5607.7	9.346	607.4	13.273	407.5	11.480
77	50	30.4	1.161	602.8	13.181	19.0	0.616	5609.8	9.749	602.8	13.181	404.4	11.350
78	50	31.2	0.966	598.7	13.116	19.1	0.559	5613.4	9.839	598.7	13.116	401.7	11.267
79	50	32.0	1.055	596.7	12.847	19.1	0.602	5613.5	9.757	596.7	12.847	400.2	11.027
80	50	29.4	1.012	593.5	12.695	19.2	0.588	5616.5	10.145	593.5	12.695	398.0	11.029
81	50	31.2	1.210	589.4	12.638	19.2	0.589	5617.2	9.855	589.4	12.638	395.0	10.994
82	50	31.2	1.042	588.4	12.409	19.2	0.576	5616.7	9.399	588.4	12.409	394.3	10.831
83	50	29.9	1.216	587.1	12.497	19.2	0.568	5615.8	9.471	587.1	12.497	393.7	10.892
84	50	30.4	1.020	586.2	12.475	19.3	0.586	5614.2	9.149	586.2	12.475	392.7	10.781
85	50	30.0	0.962	584.4	12.394	19.3	0.570	5618.9	8.923	584.4	12.394	391.5	10.732
86	50	29.8	0.956	582.6	12.325	19.4	0.589	5616.7	9.074	582.6	12.325	390.1	10.675
87	50	27.9	1.091	580.7	12.238	19.5	0.616	5620.0	8.740	580.7	12.238	388.2	10.531
88	50	28.9	0.975	575.6	12.357	19.6	0.580	5619.3	8.589	575.6	12.357	384.9	10.600
89	50	27.7	1.143	572.2	12.225	19.7	0.620	5621.6	8.847	572.2	12.225	381.8	10.513
90	50	28.4	1.038	567.6	12.337	19.8	0.641	5617.5	8.958	567.6	12.337	378.0	10.523
91	50	28.6	1.109	564.2	12.414	19.8	0.594	5619.0	9.510	564.2	12.414	375.1	10.614
92	50	28.8	1.007	562.3	12.523	19.8	0.618	5622.6	9.887	562.3	12.523	373.5	10.685
93	50	28.4	0.974	561.0	12.502	19.8	0.613	5620.7	9.684	561.0	12.502	372.0	10.666
94	50	27.8	1.064	559.0	12.413	19.9	0.673	5616.9	9.673	559.0	12.413	370.7	10.622
95	50	27.6	1.044	557.7	12.439	20.0	0.627	5616.9	9.657	557.7	12.439	369.8	10.667
96	50	27.7	0.952	553.9	12.582	20.1	0.636	5620.7	9.556	553.9	12.582	366.8	10.640
97	50	27.5	0.884	551.0	12.671	20.1	0.618	5621.0	10.178	551.0	12.671	364.9	10.502
98	50	27.1	0.864	548.4	12.382	20.2	0.626	5619.1	10.857	548.4	12.382	363.1	10.270
99	50	27.7	0.952	545.9	12.218	20.2	0.668	5617.0	10.662	545.9	12.218	361.1	10.093
100	50	27.2	0.938	542.5	12.207	20.2	0.601	5613.1	10.767	542.5	12.207	358.4	9.961
101	50	26.5	0.966	539.6	12.275	20.3	0.586	5611.8	10.298	539.6	12.275	356.0	9.865
102	50	27.8	0.947	537.2	12.228	20.3	0.645	5609.7	10.909	537.2	12.228	354.0	9.770
103	50	27.9	1.002	535.8	12.156	20.3	0.657	5607.6	10.803	535.8	12.156	352.5	9.652
104	50	25.0	0.935	535.2	12.287	20.4	0.643	5607.3	11.594	535.2	12.287	351.5	9.694
105	50	26.9	1.141	530.6	12.194	20.4	0.651	5606.3	11.397	530.6	12.194	347.8	9.532
106	50	25.5	0.989	529.0	12.338	20.4	0.615	5603.2	12.043	529.0	12.338	346.1	9.558
107	50	25.2	1.223	525.8	12.509	20.5	0.647	5606.7	12.237	525.8	12.509	343.4	9.618
108	50	25.3	0.889	522.6	12.557	20.6	0.619	5604.9	12.364	522.6	12.557	340.5	9.521
109	50	25.7	1.021	520.3	12.326	20.6	0.619	5606.6	12.644	520.3	12.326	337.9	9.353
110	50	25.6	0.987	518.6	12.440	20.6	0.656	5602.1	12.663	518.6	12.440	336.0	9.318
111	50	24.7	1.145	516.8	12.339	20.7	0.649	5598.6	12.673	516.8	12.339	334.4	9.307
112	50	24.6	1.101	513.9	12.530	20.7	0.619	5598.0	12.569	513.9	12.530	332.1	9.337
113	50	25.1	0.968	510.5	12.581	20.8	0.658	5601.2	12.341	510.5	12.581	329.7	9.363
114	50	24.5	0.857	507.1	12.443	20.8	0.615	5600.1	12.930	507.1	12.443	327.8	9.221
115	50	24.6	1.005	504.4	12.330	20.9	0.641	5597.7	12.944	504.4	12.330	325.5	9.120
116	50	24.3	0.946	500.7	12.030	20.9	0.652	5600.2	14.072	500.7	12.030	323.1	8.989
117	50	24.8	1.014	497.2	11.890	20.9	0.620	5600.6	13.920	497.2	11.890	320.5	8.924
118	50	24.4	1.114	494.8	12.066	20.9	0.646	5597.3	13.915	494.8	12.066	318.7	9.094
119	50	23.3	0.945	491.5	12.382	20.9	0.614	5594.6	14.021	491.5	12.382	316.0	9.344
120	50	23.9	0.991	487.4	12.141	21.0	0.632	5589.4	14.550	487.4	12.141	313.1	9.223
121	50	24.1	1.084	483.8	12.158	21.0	0.636	5587.1	14.362	483.8	12.158	310.1	9.211
122	50	24.9	1.098	481.7	12.237	20.9	0.640	5579.3	14.591	481.7	12.237	308.9	9.312
123	50	22.9	1.320	480.7	12.413	21.0	0.636	5578.8	15.442	480.7	12.413	308.0	9.451
124	50	22.9	1.085	477.1	12.554	21.0	0.660	5581.6	15.740	477.1	12.554	305.6	9.706
125	50	23.9	1.085	473.9	12.751	21.0	0.638	5576.4	15.369	473.9	12.751	303.5	9.852
126	50	23.0	0.873	471.7	12.778	21.0	0.607	5576.1	15.800	471.7	12.778	302.1	9.833
127	50	22.6	1.011	469.9	12.418	21.0	0.629	5573.4	15.420	469.9	12.418	300.8	9.632
128	50	22.3	0.990	466.8	12.282	21.0	0.661	5572.8	15.258	466.8	12.282	298.6	9.519
129	50	22.5	0.953	464.2	12.426	21.1	0.633	5569.1	14.910	464.2	12.426	296.8	9.656
130	50	20.9	0.903	462.1	12.475	21.3	0.603	5565.2	15.555	462.1	12.475	295.1	9.707
131	50	21.6	0.983	458.5	12.394	21.4	0.644	5563.0	15.534	458.5	12.394	292.5	9.699
132	50	22.0	1.047	454.5	12.359	21.4	0.576	5563.1	16.266	454.5	12.359	289.9	9.662
133	50	21.6	1.023	451.1	12.492	21.4	0.635	5559.9	16.692	451.1	12.492	287.4	9.840
134	50	22.0	1.068	448.7	12.412	21.5	0.624	5553.5	17.412	448.7	12.412	285.5	9.752
135	50	20.9	0.934	444.8	12.492	21.5	0.597	5555.8	17.812	444.8	12.492	283.2	9.786
136	50	21.3	0.934	442.0	12.606	21.5	0.596	5556.6	17.497	442.0	12.606	281.1	9.807
137	50	21.2	1.166	439.2	12.559	21.5	0.594	5557.2	17.066	439.2	12.559	279.0	9.768
138	50	20.9	0.872	436.2	12.864	21.5	0.634	5557.9	17.798	436.2	12.864	276.5	9.969
139	50	20.4	0.957	434.0	12.750	21.5	0.619	5550.0	18.462	434.0	12.750	274.8	9.890
140	50	20.8	1.048	430.6	12.746	21.5	0.558	5544.3	18.437	430.6	12.746	272.2	9.854
141	50	20.0	1.027	427.5	12.810	21.5	0.615	5540.7	18.828	427.5	12.810	269.8	9.802
142	50	19.4	0.804	424.6	12.638	21.5	0.612	5537.4	18.887	424.6	12.638	267.3	9.701
143	50	19.6	1.040	421.2	12.605	21.5	0.622	5528.6	19.779	421.2	12.605	264.6	9.599
144	50	21.2	1.035	418.7	12.578	21.5	0.564	5525.8	19.745	418.7	12.578	262.4	9.487
145	50	18.9	0.901	418.4	12.645	21.6	0.634	5522.6	21.068	418.4	12.645	261.5	9.492
146	50	19.9	0.968	415.5	12.594	21.6	0.624	5516.5	20.999	415.5	12.594	259.2	9.426
147	50	18.7	0.887	412.4	12.650	21.7	0.618	5521.5	21.957	412.4	12.650	256.6	9.379
148	50	19.5	0.930	409.1	12.415	21.7	0.604	5520.8	21.795	409.1	12.415	253.9	9.197
149	50	19.5	0.910	406.7	12.496	21.8	0.607	5518.2	21.844	406.7	12.496	252.2	9.154
150	50	20.4	0.857	403.7	12.348	21.8	0.622	5519.3	22.211	403.7	12.348	249.9	9.052
151	50	20.0	0.966	401.9	12.258	21.8	0.560	5516.4	21.945	401.9	12.258	248.1	8.958
152	50	18.9	0.854	398.8	12.220	21.8	0.586	5512.3	22.240	398.8	12.220	246.1	8.868
153	50	19.4	0.922	396.4	12.174	21.8	0.641	5503.5	22.466	396.4	12.174	244.6	8.788
154	50	18.5	1.050	393.3	12.260	21.9	0.588	5504.6	22.587	393.3	12.260	242.6	8.877
155	50	18.3	0.965	390.5	12.328	21.9	0.590	5495.2	23.558	390.5	12.328	240.9	8.838
156	50	18.4	1.049	387.2	12.346	21.9	0.640	5493.0	23.577	387.2	12.346	239.1	8.828
157	50	17.8	1.127	383.5	12.412	22.0	0.601	5497.7	23.374	383.5	12.412	236.4	8.843
158	50	18.9	0.941	382.0	12.529	21.9	0.630	5490.8	23.721	382.0	12.529	235.3	8.893
159	50	18.3	0.906	379.6	12.384	21.9	0.622	5495.0	23.511	379.6	12.384	233.4	8.753
160	50	17.6	0.746	377.4	12.233	21.9	0.642	5489.7	24.236	377.4	12.233	231.8	8.601
161	50	18.6	1.009	373.7	12.037	21.8	0.630	5482.3	25.155	373.7	12.037	229.4	8.442
162	50	16.6	0.950	371.5	12.057	21.9	0.640	5476.7	25.192	371.5	12.057	227.8	8.430
163	50	17.1	0.907	368.9	12.255	22.0	0.605	5474.7	24.965	368.9	12.255	226.5	8.508
164	50	16.9	0.930	365.8	12.041	22.1	0.576	5471.8	25.558	365.8	12.041	224.5	8.296
165	50	17.4	1.085	363.6	12.102	22.2	0.582	5467.8	26.009	363.6	12.102	223.1	8.312
166	50	17.3	0.904	360.5	12.275	22.2	0.575	5466.7	26.353	360.5	12.275	221.3	8.376
167	50	17.9	0.953	357.4	12.132	22.2	0.632	5457.2	26.827	357.4	12.132	219.0	8.246
168	50	16.6	0.830	356.3	12.207	22.2	0.679	5453.4	27.441	356.3	12.207	218.0	8.220
169	50	16.5	0.881	354.4	12.281	22.2	0.621	5452.4	27.958	354.4	12.281	216.7	8.298
170	50	16.7	0.996	353.0	12.398	22.2	0.613	5444.6	28.003	353.0	12.398	215.7	8.373
171	50	15.5	0.941	350.1	12.498	22.4	0.599	5439.0	27.885	350.1	12.498	213.7	8.470
172	50	16.1	1.006	347.3	12.612	22.4	0.632	5434.6	27.869	347.3	12.612	211.7	8.411
173	50	16.0	1.050	344.1	12.628	22.5	0.625	5431.4	27.416	344.1	12.628	210.0	8.479
174	50	15.5	0.896	340.6	12.759	22.5	0.613	5423.0	27.516	340.6	12.759	207.4	8.552
175	50	16.4	1.003	336.5	12.670	22.5	0.633	5417.9	28.017	336.5	12.670	204.7	8.531
176	50	15.9	0.931	334.9	12.750	22.6	0.609	5410.8	28.952	334.9	12.750	203.4	8.677
177	50	15.4	0.941	331.9	12.825	22.6	0.666	5402.6	28.970	331.9	12.825	201.5	8.680
178	50	15.2	0.890	327.9	12.709	22.6	0.599	5403.2	28.733	327.9	12.709	198.8	8.562
179	50	14.4	0.881	325.5	12.847	22.7	0.591	5402.4	28.797	325.5	12.847	197.0	8.646
180	50	15.3	0.882	321.7	12.977	22.7	0.627	5398.0	28.431	321.7	12.977	195.1	8.729
181	50	15.2	0.884	319.1	12.920	22.7	0.600	5386.6	29.870	319.1	12.920	193.4	8.687
182	50	16.3	1.057	316.5	12.801	22.6	0.546	5382.9	29.684	316.5	12.801	191.7	8.575
183	50	13.6	0.863	315.5	12.796	22.7	0.520	5378.2	30.359	315.5	12.796	191.0	8.519
184	50	14.8	0.939	312.2	12.784	22.6	0.618	5370.0	29.458	312.2	12.784	189.0	8.561
185	50	13.9	0.958	309.6	12.803	22.7	0.607	5362.1	30.712	309.6	12.803	187.3	8.597
186	50	14.1	0.853	306.3	13.053	22.6	0.589	5358.4	30.719	306.3	13.053	185.0	8.734
187	50	13.3	0.880	304.1	12.856	22.7	0.589	5352.7	31.224	304.1	12.856	183.4	8.629
188	50	13.4	0.835	301.6	12.950	22.8	0.584	5346.1	31.606	301.6	12.950	181.8	8.671
189	50	13.2	0.766	299.0	13.066	22.8	0.570	5340.8	31.809	299.0	13.066	180.1	8.711
190	50	13.6	0.946	295.9	12.946	22.8	0.529	5336.7	31.676	295.9	12.946	178.2	8.604
191	50	13.7	0.942	293.5	13.021	22.9	0.534	5330.5	31.001	293.5	13.021	176.8	8.695
192	50	12.9	0.863	290.5	12.991	23.0	0.578	5325.1	30.872	290.5	12.991	175.1	8.680
193	50	12.2	0.901	287.5	12.906	23.1	0.546	5323.3	32.298	287.5	12.906	173.4	8.605
194	50	12.4	0.880	283.0	12.935	23.2	0.576	5321.4	33.019	283.0	12.935	170.9	8.583
195	50	12.9	0.979	279.9	12.974	23.2	0.586	5319.6	33.713	279.9	12.974	169.0	8.609
196	50	12.9	1.065	277.7	13.118	23.2	0.581	5315.4	34.680	277.7	13.118	167.8	8.671
197	50	12.4	0.914	275.7	13.134	23.2	0.556	5307.1	35.974	275.7	13.134	166.5	8.641
198	50	11.9	0.827	272.6	13.055	23.2	0.593	5298.2	36.637	272.6	13.055	164.8	8.640
199	50	12.1	0.766	269.7	12.956	23.2	0.582	5298.7	37.714	269.7	12.956	163.1	8.564
200	50	12.7	0.812	266.6	12.648	23.2	0.583	5290.0	38.835	266.6	12.648	161.4	8.379
201	50	12.9	0.999	265.0	12.507	23.2	0.586	5288.4	38.496	265.0	12.507	160.5	8.286
202	50	13.2	0.839	263.8	12.707	23.2	0.535	5282.9	38.884	263.8	12.707	159.9	8.395
203	50	12.3	0.840	261.6	12.627	23.3	0.531	5274.4	39.176	261.6	12.627	158.3	8.302
204	50	13.0	0.925	259.1	12.551	23.2	0.527	5266.8	39.652	259.1	12.551	156.8	8.280
205	50	11.8	0.916	258.4	12.586	23.3	0.654	5257.4	39.695	258.4	12.586	156.3	8.322
206	50	11.8	0.838	257.0	12.842	23.3	0.614	5255.2	39.598	257.0	12.842	155.4	8.497
207	50	12.0	0.833	255.7	12.836	23.3	0.637	5247.0	39.678	255.7	12.836	154.7	8.510
208	50	11.2	0.795	253.0	12.647	23.4	0.574	5244.1	40.197	253.0	12.647	152.9	8.479
209	50	11.5	0.920	250.9	12.646	23.3	0.628	5236.9	41.894	250.9	12.646	151.6	8.517
210	50	11.4	0.829	247.9	12.716	23.4	0.594	5225.6	41.424	247.9	12.716	149.9	8.505
211	50	10.7	0.806	246.0	12.708	23.4	0.638	5219.3	41.591	246.0	12.708	148.5	8.444
212	50	11.1	0.879	243.8	12.820	23.5	0.577	5213.8	41.577	243.8	12.820	146.9	8.496
213	50	10.7	0.856	241.2	12.824	23.5	0.599	5211.2	40.999	241.2	12.824	145.4	8.500
214	50	11.1	0.866	238.9	12.783	23.5	0.535	5203.8	41.267	238.9	12.783	144.0	8.493
215	50	11.4	0.868	236.2	12.803	23.5	0.520	5199.3	42.037	236.2	12.803	142.2	8.511
216	50	10.9	0.805	235.1	12.933	23.5	0.607	5192.7	42.005	235.1	12.933	141.4	8.559
217	50	10.0	0.745	233.0	12.787	23.5	0.546	5180.1	42.434	233.0	12.787	140.0	8.445
218	50	10.6	0.716	230.4	12.730	23.5	0.575	5172.2	41.500	230.4	12.730	138.1	8.324
219	50	10.5	0.842	228.6	12.427	23.5	0.638	5166.8	41.463	228.6	12.427	136.4	8.113
220	50	10.5	0.847	226.7	12.481	23.5	0.548	5152.5	41.755	226.7	12.481	135.0	8.073
221	50	10.9	0.992	224.8	12.425	23.5	0.581	5141.7	42.272	224.8	12.425	134.1	8.039
222	50	9.8	0.736	223.8	12.647	23.6	0.630	5140.3	42.585	223.8	12.647	133.6	8.129
223	50	9.1	0.697	221.3	12.604	23.8	0.554	5137.8	42.985	221.3	12.604	132.1	8.159
224	50	10.1	0.766	218.3	12.493	23.8	0.571	5129.0	43.114	218.3	12.493	130.1	8.052
225	50	9.1	0.704	217.3	12.467	23.9	0.541	5121.8	43.070	217.3	12.467	129.5	8.004
226	50	9.7	0.782	214.3	12.269	23.9	0.569	5110.8	43.468	214.3	12.269	127.5	7.837
227	50	9.0	0.814	211.2	12.115	24.1	0.356	5107.2	42.657	211.2	12.115	125.9	7.702
228	50	8.8	0.817	208.1	12.136	24.3	0.499	5106.2	43.236	208.1	12.136	123.9	7.698
229	50	9.1	0.745	205.7	12.058	24.3	0.505	5094.6	43.451	205.7	12.058	122.4	7.599
230	50	8.3	0.664	203.4	12.052	24.4	0.518	5094.0	44.495	203.4	12.052	120.8	7.587
231	50	9.3	0.775	200.9	11.942	24.3	0.482	5089.9	45.107	200.9	11.942	119.2	7.493
232	50	8.9	0.864	199.0	11.786	24.4	0.440	5087.2	46.099	199.0	11.786	118.0	7.357
233	50	8.9	0.649	196.8	11.860	24.4	0.406	5076.0	46.352	196.8	11.860	116.3	7.347
234	50	8.2	0.752	194.0	11.731	24.4	0.416	5077.9	45.812	194.0	11.731	114.3	7.195
235	50	8.5	0.772	192.3	11.836	24.7	0.257	5074.1	44.680	192.3	11.836	113.2	7.269
236	50	8.4	0.812	190.0	11.835	24.7	0.242	5067.2	44.133	190.0	11.835	111.9	7.239
237	50	8.2	0.714	188.0	11.853	24.8	0.223	5046.9	44.722	188.0	11.853	110.6	7.187
238	50	7.7	0.680	185.3	11.627	25.0	0.299	5039.5	44.652	185.3	11.627	108.9	7.115
239	50	7.6	0.671	183.3	11.560	25.1	0.156	5034.9	45.016	183.3	11.560	107.6	7.088
240	50	7.8	0.797	180.5	11.470	25.2	0.135	5034.2	44.837	180.5	11.470	105.9	7.019
241	50	7.2	0.580	178.4	11.418	25.2	0.233	5038.2	44.689	178.4	11.418	104.3	6.970
242	50	7.8	0.601	175.3	11.135	25.1	0.077	5026.3	45.958	175.3	11.135	102.6	6.807
243	50	6.8	0.655	173.3	11.026	25.4	0.173	5022.8	46.360	173.3	11.026	101.1	6.778
244	50	7.0	0.610	170.4	10.911	25.4	0.165	5014.8	45.361	170.4	10.911	99.2	6.667
245	50	7.4	0.668	168.5	10.808	25.5	0.155	5002.4	46.293	168.5	10.808	98.3	6.635
246	50	6.8	0.672	167.3	10.842	25.5	0.224	4988.3	46.842	167.3	10.842	97.4	6.600
247	50	6.7	0.727	165.8	10.781	25.7	0.151	4987.5	46.764	165.8	10.781	96.4	6.587
248	50	5.9	0.608	163.7	10.750	25.7	0.303	4979.0	48.260	163.7	10.750	95.1	6.576
249	50	6.4	0.601	160.6	10.627	25.7	0.390	4972.4	49.414	160.6	10.627	93.0	6.468
250	50	6.9	0.663	158.8	10.476	25.8	0.313	4967.1	49.865	158.8	10.476	91.9	6.362
251	50	6.9	0.781	157.0	10.440	25.8	0.383	4959.2	49.076	157.0	10.440	90.8	6.308
252	50	6.7	0.592	155.4	10.448	25.9	0.474	4948.3	49.498	155.4	10.448	89.7	6.278
253	50	5.9	0.509	153.2	10.320	25.8	0.465	4942.1	49.330	153.2	10.320	88.3	6.219
254	50	6.3	0.673	150.9	10.079	25.8	0.366	4936.2	50.620	150.9	10.079	86.6	6.065
255	50	6.1	0.664	148.6	10.010	25.9	0.331	4936.9	49.695	148.6	10.010	85.3	6.081
256	50	5.9	0.587	145.8	9.939	26.1	0.359	4926.9	50.862	145.8	9.939	83.6	6.033
257	50	5.7	0.582	143.9	9.833	26.0	0.206	4921.1	50.405	143.9	9.833	82.4	5.964
258	50	6.4	0.695	141.5	9.799	25.9	0.343	4913.1	51.020	141.5	9.799	81.1	5.971
259	50	5.7	0.562	139.7	9.904	26.1	0.257	4900.8	51.032	139.7	9.904	79.9	6.044
260	50	5.7	0.598	137.2	9.797	26.1	0.298	4895.5	50.752	137.2	9.797	78.3	6.001
261	50	5.6	0.548	135.7	9.695	26.2	0.202	4888.1	50.517	135.7	9.695	77.3	5.948
262	50	5.4	0.468	133.6	9.580	26.2	0.285	4887.7	50.467	133.6	9.580	76.1	5.867
263	50	5.2	0.549	131.7	9.601	26.2	0.075	4880.2	50.136	131.7	9.601	74.9	5.853
264	50	5.3	0.599	130.2	9.600	26.3	0.222	4862.3	49.673	130.2	9.600	73.9	5.837
265	50	5.6	0.586	128.6	9.512	26.3	0.077	4856.4	49.233	128.6	9.512	73.0	5.801
266	50	5.1	0.586	126.6	9.421	26.4	0.209	4848.0	50.588	126.6	9.421	71.9	5.736
267	50	4.7	0.561	125.0	9.359	26.6	0.344	4836.6	52.935	125.0	9.359	70.7	5.662
268	50	5.0	0.519	123.2	9.330	26.6	0.268	4838.6	52.919	123.2	9.330	69.8	5.665
269	50	4.9	0.667	121.3	9.275	26.7	0.481	4822.1	53.149	121.3	9.275	68.6	5.645
270	50	4.8	0.593	119.9	9.317	26.8	0.446	4815.6	52.435	119.9	9.317	67.7	5.656
271	50	4.7	0.591	118.2	9.282	27.1	0.609	4815.7	49.688	118.2	9.282	66.6	5.623
272	50	4.9	0.540	116.5	9.213	27.0	0.632	4808.7	50.175	116.5	9.213	65.8	5.582
273	50	4.5	0.538	115.4	9.175	27.2	0.820	4806.7	49.197	115.4	9.175	65.0	5.526
274	50	5.0	0.627	113.4	9.067	27.5	0.941	4792.4	50.897	113.4	9.067	63.7	5.444
275	50	5.0	0.604	112.2	9.122	27.5	0.977	4789.0	50.803	112.2	9.122	63.1	5.466
276	50	4.5	0.549	111.6	9.205	27.3	0.640	4774.5	50.811	111.6	9.205	62.9	5.489
277	50	4.9	0.636	110.4	9.144	27.4	0.668	4764.1	52.164	110.4	9.144	62.2	5.459
278	50	4.3	0.475	109.6	9.195	27.6	0.696	4755.1	52.283	109.6	9.195	61.8	5.495
279	50	4.3	0.453	107.5	8.985	27.4	0.681	4754.2	52.581	107.5	8.985	60.7	5.389
280	50	4.3	0.488	106.1	8.836	27.3	0.700	4748.1	51.813	106.1	8.836	59.8	5.281
281	50	4.0	0.508	104.8	8.733	27.4	0.703	4739.0	52.553	104.8	8.733	59.0	5.220
282	50	4.0	0.471	103.2	8.602	27.6	0.768	4727.1	52.541	103.2	8.602	58.2	5.135
283	50	4.2	0.526	102.0	8.533	28.0	0.994	4727.2	51.447	102.0	8.533	57.5	5.101
284	50	3.9	0.453	100.7	8.516	28.1	1.007	4712.1	51.532	100.7	8.516	56.7	5.070
285	50	4.2	0.507	98.9	8.355	28.1	1.002	4712.4	49.681	98.9	8.355	55.6	4.980
286	50	3.6	0.426	97.8	8.342	28.9	1.756	4710.1	47.102	97.8	8.342	55.0	4.950
287	50	4.0	0.539	96.9	8.300	29.0	1.759	4704.0	46.419	96.9	8.300	54.5	4.961
288	50	3.9	0.463	95.5	8.210	29.0	1.788	4699.4	45.584	95.5	8.210	53.6	4.881
289	49	3.6	0.404	96.1	8.064	27.3	0.234	4688.8	46.687	96.1	8.064	53.8	4.798
290	49	3.2	0.418	94.6	8.018	27.5	0.201	4675.9	45.624	94.6	8.018	53.0	4.765
291	49	3.1	0.404	92.5	7.902	27.7	0.221	4684.0	45.818	92.5	7.902	51.8	4.679
292	49	3.1	0.441	90.4	7.802	27.8	0.141	4666.1	46.651	90.4	7.802	50.6	4.599
293	49	3.6	0.482	88.8	7.790	27.9	0.286	4653.1	46.514	88.8	7.790	49.7	4.614
294	49	3.5	0.490	87.1	7.810	27.8	0.313	4632.5	46.097	87.1	7.810	48.6	4.601
295	49	2.8	0.401	86.0	7.848	28.4	0.214	4631.3	45.836	86.0	7.848	47.9	4.638
296	49	2.9	0.391	84.8	7.739	28.5	0.285	4624.4	44.740	84.8	7.739	47.4	4.598
297	49	3.0	0.379	83.5	7.628	28.9	0.446	4625.9	44.473	83.5	7.628	46.6	4.548
298	49	2.9	0.394	81.7	7.453	28.9	0.496	4622.3	43.271	81.7	7.453	45.5	4.435
299	49	2.5	0.355	81.0	7.447	29.2	0.436	4605.9	44.008	81.0	7.447	45.1	4.413
300	49	2.9	0.453	79.1	7.351	29.2	0.542	4608.6	43.123	79.1	7.351	44.0	4.349
301	49	3.0	0.409	77.8	7.314	29.4	0.457	4599.0	43.479	77.8	7.314	43.3	4.304
302	49	3.4	0.497	76.4	7.230	29.2	0.498	4592.0	44.297	76.4	7.230	42.4	4.259
303	49	2.6	0.364	75.2	7.137	29.5	0.500	4587.0	44.865	75.2	7.137	41.6	4.143
304	49	2.7	0.359	73.6	6.983	29.4	0.394	4586.0	45.590	73.6	6.983	40.6	4.043
305	49	2.6	0.338	72.7	6.891	29.4	0.415	4572.5	45.551	72.7	6.891	40.0	3.960
306	49	2.8	0.373	72.0	6.816	29.2	0.331	4569.3	45.176	72.0	6.816	39.6	3.955
307	49	2.4	0.347	70.9	6.726	29.7	0.506	4569.8	44.996	70.9	6.726	39.0	3.894
308	49	2.5	0.403	69.5	6.722	29.7	0.576	4561.5	45.895	69.5	6.722	38.2	3.876
309	49	2.4	0.364	68.1	6.631	29.7	0.173	4545.3	46.534	68.1	6.631	37.4	3.810
310	49	2.4	0.346	67.0	6.622	29.9	0.359	4534.1	46.359	67.0	6.622	36.9	3.818
311	49	2.7	0.389	66.2	6.599	29.8	0.448	4519.2	45.866	66.2	6.599	36.4	3.807
312	49	2.2	0.284	65.6	6.579	30.2	0.511	4505.6	46.725	65.6	6.579	36.1	3.797
313	49	2.2	0.363	64.9	6.459	30.5	0.694	4493.8	45.215	64.9	6.459	35.8	3.728
314	49	2.2	0.312	63.3	6.357	30.7	0.727	4487.7	45.686	63.3	6.357	35.0	3.692
315	49	2.8	0.385	62.5	6.297	30.8	0.822	4489.3	46.287	62.5	6.297	34.5	3.622
316	49	2.3	0.331	61.7	6.234	30.5	0.643	4475.0	46.096	61.7	6.234	34.0	3.605
317	49	2.2	0.310	60.8	6.173	30.6	0.645	4461.2	44.870	60.8	6.173	33.6	3.522
318	49	1.9	0.373	59.7	6.047	30.5	0.639	4438.1	45.786	59.7	6.047	32.9	3.468
319	49	2.0	0.347	58.8	6.007	30.9	0.682	4430.6	46.234	58.8	6.007	32.5	3.436
320	49	2.0	0.329	57.8	5.971	30.8	0.704	4414.8	48.057	57.8	5.971	31.8	3.400
321	49	2.1	0.317	56.9	5.875	30.8	0.784	4400.5	46.885	56.9	5.875	31.3	3.375
322	49	2.2	0.392	56.1	5.830	31.0	0.806	4383.2	47.330	56.1	5.830	30.6	3.308
323	49	1.6	0.248	55.5	5.899	30.8	0.703	4375.6	46.908	55.5	5.899	30.4	3.368
324	49	2.0	0.342	54.2	5.770	31.0	0.729	4374.5	46.682	54.2	5.770	29.7	3.311
325	49	2.1	0.317	53.4	5.736	31.0	0.673	4372.4	46.764	53.4	5.736	29.3	3.321
326	49	1.6	0.246	52.6	5.692	31.3	0.778	4347.2	46.473	52.6	5.692	28.9	3.306
327	49	1.5	0.263	51.3	5.502	31.5	0.725	4342.5	46.835	51.3	5.502	28.1	3.207
328	49	2.0	0.328	50.3	5.356	31.9	0.715	4331.0	46.882	50.3	5.356	27.8	3.156
329	49	1.5	0.244	49.0	5.354	32.2	0.819	4324.9	48.540	49.0	5.354	27.2	3.175
330	49	1.6	0.267	48.3	5.348	31.7	0.737	4311.6	46.772	48.3	5.348	26.9	3.172
331	49	1.5	0.266	47.8	5.317	32.2	0.799	4311.3	46.416	47.8	5.317	26.6	3.146
332	49	1.4	0.290	46.6	5.232	32.3	0.991	4295.9	47.506	46.6	5.232	26.1	3.109
333	49	1.5	0.274	45.6	5.188	32.5	1.008	4298.3	47.254	45.6	5.188	25.5	3.086
334	49	1.4	0.236	45.0	5.188	32.6	1.001	4291.4	46.773	45.0	5.188	25.1	3.061
335	49	1.5	0.278	44.0	5.014	33.0	0.991	4287.7	47.525	44.0	5.014	24.5	2.962
336	49	1.6	0.275	43.0	4.950	33.2	1.208	4298.3	48.657	43.0	4.950	24.0	2.925
337	49	1.3	0.215	42.5	4.877	33.4	1.244	4277.5	47.745	42.5	4.877	23.6	2.883
338	49	1.3	0.241	41.6	4.764	33.9	1.333	4273.2	47.740	41.6	4.764	23.0	2.802
339	49	1.2	0.243	40.8	4.679	34.2	1.413	4267.0	48.456	40.8	4.679	22.6	2.743
340	49	1.0	0.186	39.9	4.577	34.7	1.408	4265.7	49.977	39.9	4.577	22.0	2.653
341	49	1.2	0.220	38.8	4.444	35.3	1.442	4260.8	49.946	38.8	4.444	21.4	2.592
342	48	1.2	0.237	38.7	4.421	36.0	1.555	4272.6	46.869	38.7	4.421	21.4	2.569
343	48	1.3	0.258	38.5	4.404	36.2	1.529	4254.7	45.961	38.5	4.404	21.1	2.538
344	48	1.3	0.221	37.7	4.378	36.4	1.609	4250.2	45.773	37.7	4.378	20.7	2.511
345	48	1.1	0.216	36.8	4.271	36.9	1.710	4234.7	43.723	36.8	4.271	20.0	2.437
346	48	1.2	0.210	36.0	4.222	36.9	1.739	4223.8	45.071	36.0	4.222	19.6	2.403
347	47	1.0	0.175	36.0	4.095	36.8	1.730	4203.2	45.803	36.0	4.095	19.7	2.359
348	47	1.1	0.241	34.9	3.999	36.4	1.646	4188.1	45.230	34.9	3.999	19.0	2.283
349	47	1.1	0.218	34.1	3.927	36.4	1.554	4190.7	43.740	34.1	3.927	18.6	2.239
350	47	1.0	0.192	33.1	3.817	36.7	1.582	4180.0	44.965	33.1	3.817	18.0	2.184
351	47	0.9	0.170	32.3	3.718	37.2	1.583	4161.1	47.111	32.3	3.718	17.5	2.130
352	47	1.0	0.242	31.7	3.669	37.4	1.626	4154.8	49.017	31.7	3.669	17.2	2.116
353	47	1.0	0.213	31.1	3.636	37.4	1.734	4151.3	49.563	31.1	3.636	16.8	2.101
354	46	0.9	0.188	31.0	3.652	37.1	1.793	4152.2	46.377	31.0	3.652	16.8	2.116
355	46	0.9	0.160	30.2	3.524	37.1	1.838	4139.0	46.284	30.2	3.524	16.3	2.019
356	46	1.0	0.205	29.4	3.419	37.5	1.987	4143.0	50.799	29.4	3.419	15.9	1.949
357	46	0.8	0.197	28.6	3.385	38.1	2.113	4158.1	51.922	28.6	3.385	15.5	1.939
358	46	0.9	0.204	28.2	3.313	38.5	2.114	4164.5	51.797	28.2	3.313	15.2	1.904
359	46	1.0	0.221	27.5	3.287	37.7	2.010	4131.8	53.598	27.5	3.287	14.9	1.893
360	46	0.9	0.211	27.0	3.220	37.9	2.055	4122.1	56.526	27.0	3.220	14.8	1.863
361	46	0.7	0.136	26.2	3.157	38.8	2.163	4122.6	56.374	26.2	3.157	14.3	1.835
362	46	0.6	0.134	25.5	3.032	38.8	2.213	4100.6	53.367	25.5	3.032	13.9	1.753
363	46	0.6	0.144	24.7	2.916	39.2	2.280	4101.2	53.630	24.7	2.916	13.4	1.687
364	46	0.7	0.199	23.7	2.836	38.1	1.740	4060.8	60.427	23.7	2.836	12.8	1.629
365	46	0.6	0.133	23.3	2.850	38.3	1.665	4060.1	57.865	23.3	2.850	12.6	1.653
366	46	0.7	0.170	22.8	2.716	38.7	1.769	4052.2	57.053	22.8	2.716	12.3	1.585
367	46	0.8	0.162	22.2	2.636	38.9	1.802	4037.8	55.995	22.2	2.636	11.9	1.536
368	46	0.5	0.155	21.7	2.566	38.6	1.724	4030.9	58.221	21.7	2.566	11.5	1.500
369	46	0.6	0.154	21.2	2.498	39.1	1.730	4029.5	57.692	21.2	2.498	11.2	1.462
370	46	0.6	0.123	20.8	2.470	39.3	1.802	4020.3	57.889	20.8	2.470	11.0	1.430
371	45	0.4	0.125	20.6	2.397	39.8	1.826	4015.2	55.533	20.6	2.397	10.8	1.385
372	45	0.7	0.148	19.8	2.342	39.5	1.864	4018.9	55.198	19.8	2.342	10.3	1.340
373	45	0.7	0.179	19.1	2.285	38.7	1.781	3986.1	53.223	19.1	2.285	9.9	1.309
374	45	0.5	0.117	18.7	2.267	38.9	1.790	3962.6	51.818	18.7	2.267	9.7	1.276
375	45	0.4	0.097	18.5	2.250	38.7	1.780	3946.4	52.200	18.5	2.250	9.6	1.263
376	45	0.3	0.108	17.8	2.175	39.0	1.846	3945.0	50.970	17.8	2.175	9.1	1.211
377	45	0.5	0.148	17.2	2.125	39.5	1.963	3936.9	52.006	17.2	2.125	8.7	1.175
378	44	0.5	0.124	17.2	2.115	39.6	1.942	3955.0	49.933	17.2	2.115	8.7	1.174
379	44	0.4	0.113	16.8	2.105	40.0	1.970	3946.1	48.480	16.8	2.105	8.5	1.161
380	42	0.5	0.149	17.0	2.100	39.9	2.127	3977.3	40.484	17.0	2.100	8.6	1.147
381	42	0.4	0.095	16.7	2.071	40.2	1.981	3978.4	40.521	16.7	2.071	8.5	1.137
382	42	0.2	0.064	16.0	1.991	40.6	2.092	3959.1	42.638	16.0	1.991	8.1	1.099
383	42	0.6	0.148	15.2	1.903	40.5	2.259	3966.6	45.658	15.2	1.903	7.6	1.050
384	41	0.5	0.121	15.2	1.870	40.4	2.220	3958.6	49.069	15.2	1.870	7.7	1.047
385	41	0.4	0.121	14.8	1.842	40.0	2.386	3937.9	49.016	14.8	1.842	7.4	1.025
386	40	0.4	0.129	14.8	1.848	39.7	2.249	3947.8	50.542	14.8	1.848	7.4	1.030
387	40	0.3	0.141	14.4	1.829	39.9	2.308	3941.4	48.585	14.4	1.829	7.1	1.016
388	40	0.3	0.107	13.9	1.805	40.6	2.416	3933.7	47.275	13.9	1.805	6.9	1.012
389	39	0.3	0.075	13.7	1.766	40.9	2.466	3958.8	48.620	13.7	1.766	6.7	0.974
390	39	0.5	0.132	13.2	1.745	41.4	2.608	3968.1	49.858	13.2	1.745	6.4	0.944
391	39	0.4	0.126	13.1	1.740	41.4	2.666	3968.3	51.743	13.1	1.740	6.4	0.957
392	39	0.5	0.151	12.9	1.698	42.4	2.717	3971.3	52.894	12.9	1.698	6.3	0.919
393	38	0.6	0.154	13.0	1.734	41.5	2.740	3976.6	53.365	13.0	1.734	6.3	0.946
394	37	0.3	0.085	13.3	1.761	41.7	2.824	3983.1	54.390	13.3	1.761	6.4	0.962
395	37	0.4	0.118	12.9	1.733	43.0	2.972	3979.6	54.940	12.9	1.733	6.2	0.941
396	37	0.4	0.137	12.5	1.707	43.8	2.954	3971.3	55.081	12.5	1.707	5.9	0.922
397	37	0.3	0.117	12.4	1.724	43.5	3.074	3971.7	55.915	12.4	1.724	5.9	0.927
398	37	0.3	0.103	11.7	1.586	43.4	3.117	3965.5	57.158	11.7	1.586	5.5	0.861
399	37	0.3	0.103	11.6	1.588	44.0	3.082	3970.3	58.749	11.6	1.588	5.4	0.861
400	36	0.2	0.102	11.6	1.576	43.1	2.891	3956.5	60.294	11.6	1.576	5.4	0.873
401	36	0.3	0.130	11.3	1.535	43.4	2.942	3940.9	58.760	11.3	1.535	5.2	0.843
402	35	0.1	0.060	11.3	1.564	43.2	2.923	3935.1	61.389	11.3	1.564	5.3	0.878
403	32	0.2	0.070	11.8	1.535	42.3	2.733	3954.0	55.415	11.8	1.535	5.4	0.836
404	32	0.2	0.065	11.3	1.485	44.3	3.098	3958.2	55.605	11.3	1.485	5.1	0.796
405	32	0.2	0.079	10.8	1.406	45.3	3.117	3963.8	56.652	10.8	1.406	4.9	0.770
406	32	0.2	0.098	10.5	1.343	45.6	3.199	3954.9	55.795	10.5	1.343	4.8	0.750
407	32	0.3	0.115	10.0	1.297	45.3	3.264	3939.1	56.093	10.0	1.297	4.6	0.721
408	32	0.1	0.069	9.5	1.255	46.6	3.585	3947.1	62.886	9.5	1.255	4.3	0.693
409	32	0.1	0.074	9.1	1.207	47.7	3.734	3942.5	63.560	9.1	1.207	4.1	0.656
410	31	0.1	0.077	9.0	1.215	47.9	3.737	3963.2	64.191	9.0	1.215	4.1	0.656
411	30	0.0	0.033	9.0	1.189	49.0	3.848	3966.5	62.869	9.0	1.189	4.0	0.631
412	29	0.1	0.048	8.8	1.107	47.7	3.505	3970.8	64.660	8.8	1.107	3.9	0.582
413	29	0.2	0.071	8.4	1.067	47.9	3.445	3968.3	65.897	8.4	1.067	3.7	0.564
414	29	0.1	0.048	8.1	1.016	48.6	3.478	3941.3	62.903	8.1	1.016	3.6	0.522
415	29	0.0	0.034	7.8	1.014	49.8	3.561	3962.8	65.116	7.8	1.014	3.5	0.525
416	28	0.1	0.060	7.7	1.004	49.4	3.601	4013.8	67.555	7.7	1.004	3.4	0.517
417	27	0.1	0.062	7.7	0.967	48.6	3.374	3988.6	66.930	7.7	0.967	3.4	0.531
418	25	0.2	0.075	7.8	0.944	49.4	3.787	4015.4	65.999	7.8	0.944	3.4	0.520
419	25	0.2	0.119	7.5	0.913	49.4	3.965	4028.4	70.652	7.5	0.913	3.3	0.514
420	25	0.1	0.066	7.2	0.840	49.7	4.175	3971.8	66.506	7.2	0.840	3.1	0.487
421	25	0.2	0.082	6.9	0.859	48.6	4.015	3968.0	66.602	6.9	0.859	3.0	0.499
422	23	0.1	0.095	7.1	0.870	48.7	3.969	4009.9	73.385	7.1	0.870	3.1	0.494
423	23	0.1	0.060	7.0	0.934	49.7	4.101	3992.3	75.090	7.0	0.934	3.0	0.518
424	23	0.0	0.043	7.0	0.927	50.9	4.203	3991.6	76.249	7.0	0.927	2.9	0.504
425	22	0.1	0.063	6.9	0.851	50.6	4.535	3987.9	80.125	6.9	0.851	2.9	0.463
426	22	0.1	0.063	6.6	0.805	50.6	4.455	3972.5	80.189	6.6	0.805	2.8	0.451
427	22	0.0	0.045	6.4	0.738	51.5	4.414	3957.4	77.394	6.4	0.738	2.7	0.426
428	22	0.1	0.063	6.3	0.771	51.4	4.368	3946.4	74.554	6.3	0.771	2.7	0.455
429	20	0.2	0.123	6.2	0.736	54.4	4.753	3897.8	73.844	6.2	0.736	2.6	0.423
430	20	0.1	0.050	6.1	0.820	55.1	4.699	3881.9	73.105	6.1	0.820	2.5	0.459
431	20	0.0	0.000	5.9	0.790	56.9	5.019	3902.9	73.061	5.9	0.790	2.4	0.453
432	20	0.2	0.082	5.6	0.762	59.4	5.656	3900.3	78.950	5.6	0.762	2.2	0.422
433	20	0.1	0.050	5.5	0.790	59.6	5.788	3868.6	81.234	5.5	0.790	2.1	0.440
434	19	0.1	0.072	5.5	0.789	60.3	6.191	3851.4	76.345	5.5	0.789	2.1	0.448
435	19	0.1	0.072	5.1	0.798	61.0	6.058	3871.3	78.613	5.1	0.798	2.1	0.481
436	18	0.1	0.111	4.9	0.756	60.1	6.592	3839.2	89.794	4.9	0.756	1.9	0.460
437	18	0.1	0.056	4.8	0.755	61.4	6.582	3844.0	102.276	4.8	0.755	1.8	0.444
438	18	0.1	0.056	4.7	0.783	61.9	6.562	3838.9	104.893	4.7	0.783	1.8	0.447
439	17	0.0	0.000	4.8	0.824	61.0	6.378	3778.2	99.637	4.8	0.824	1.8	0.471
440	16	0.1	0.085	4.9	0.795	60.7	6.881	3775.8	105.094	4.9	0.795	1.8	0.437
441	16	0.0	0.000	4.8	0.873	59.6	6.820	3742.5	108.114	4.8	0.873	1.7	0.502
442	16	0.0	0.000	4.6	0.821	60.8	6.808	3754.5	111.025	4.6	0.821	1.6	0.479
443	15	0.1	0.091	4.5	0.723	58.4	7.544	3757.5	116.588	4.5	0.723	1.5	0.402
444	15	0.0	0.000	4.3	0.681	60.2	7.469	3721.7	115.486	4.3	0.681	1.5	0.386
445	15	0.0	0.000	4.2	0.670	61.3	7.421	3717.9	114.377	4.2	0.670	1.4	0.385
446	15	0.0	0.000	4.1	0.682	61.0	7.737	3700.4	121.980	4.1	0.682	1.3	0.397
447	14	0.1	0.071	3.9	0.667	57.1	7.503	3615.9	110.247	3.9	0.667	1.3	0.420
448	13	0.0	0.000	3.9	0.693	58.7	8.046	3603.6	120.647	3.9	0.693	1.3	0.433
449	12	0.0	0.000	3.8	0.664	60.8	8.419	3621.5	126.986	3.8	0.664	1.1	0.454
450	12	0.0	0.000	3.5	0.634	62.6	9.271	3639.3	128.642	3.5	0.634	1.0	0.463
451	12	0.0	0.000	3.4	0.645	62.2	9.503	3605.0	126.147	3.4	0.645	0.9	0.464
452	12	0.0	0.000	3.3	0.644	63.9	9.409	3586.3	129.409	3.3	0.644	0.9	0.464
453	12	0.0	0.000	3.2	0.653	61.7	8.386	3562.0	126.613	3.2	0.653	0.9	0.464
454	12	0.0	0.000	3.1	0.657	64.0	8.263	3584.2	141.558	3.1	0.657	0.9	0.463
455	11	0.1	0.091	3.0	0.726	63.7	9.177	3552.9	163.703	3.0	0.726	0.9	0.508
456	10	0.0	0.000	3.2	0.892	64.0	10.084	3589.6	174.405	3.2	0.892	1.0	0.617
457	6	0.0	0.000	3.8	1.447	63.2	12.661	3557.5	143.478	3.8	1.447	1.3	1.044
458	6	0.0	0.000	3.8	1.447	64.1	12.506	3557.5	143.478	3.8	1.447	1.3	1.044
459	6	0.0	0.000	3.7	1.282	64.6	12.736	3574.7	152.962	3.7	1.282	1.1	0.836
460	6	0.0	0.000	3.7	1.282	65.5	12.711	3574.7	152.962	3.7	1.282	1.1	0.836
461	6	0.0	0.000	3.7	1.282	66.4	12.762	3574.7	152.962	3.7	1.282	1.1	0.836
462	6	0.0	0.000	3.7	1.282	67.2	12.751	3574.7	152.962	3.7	1.282	1.1	0.836
463	6	0.0	0.000	3.5	1.310	70.4	12.185	3544.3	146.043	3.5	1.310	1.0	0.839
464	6	0.0	0.000	3.5	1.310	71.3	11.964	3544.3	146.043	3.5	1.310	1.0	0.839
465	6	0.0	0.000	3.2	1.167	72.2	12.942	3533.2	115.702	3.2	1.167	0.9	0.751
466	4	0.0	0.000	3.5	1.500	81.5	18.784	3502.8	175.203	3.5	1.500	1.1	1.094
467	4	0.2	0.250	3.5	1.500	81.6	19.510	3502.5	175.057	3.5	1.500	1.1	1.094
468	4	0.0	0.000	3.8	1.750	82.5	19.679	3488.2	167.142	3.8	1.750	1.2	1.194
469	4	0.0	0.000	3.5	1.500	83.6	19.612	3470.2	158.415	3.5	1.500	0.9	0.906
470	4	0.0	0.000	3.2	1.250	84.4	19.728	3454.8	152.210	3.2	1.250	0.8	0.750
471	4	0.0	0.000	3.2	1.250	85.3	19.363	3454.8	152.210	3.2	1.250	0.8	0.750
472	4	0.0	0.000	3.2	1.250	86.3	19.357	3454.8	152.210	3.2	1.250	0.8	0.750
473	4	0.0	0.000	3.2	1.250	87.2	19.539	3454.8	152.210	3.2	1.250	0.8	0.750
474	3	0.0	0.000	3.3	1.333	90.9	26.607	3540.0	184.488	3.3	1.333	0.9	0.889
475	3	0.0	0.000	3.3	1.333	91.7	26.889	3540.0	184.488	3.3	1.333	0.9	0.889
476	3	0.0	0.000	3.0	1.000	92.7	26.869	3574.3	196.066	3.0	1.000	0.7	0.733
477	3	0.0	0.000	3.0	1.000	93.7	26.868	3574.3	196.066	3.0	1.000	0.7	0.733
478	3	0.0	0.000	3.0	1.000	94.7	26.866	3574.3	196.066	3.0	1.000	0.7	0.733
479	3	0.0	0.000	3.0	1.000	95.6	26.322	3574.3	196.066	3.0	1.000	0.7	0.733
480	3	0.0	0.000	3.0	1.000	96.6	26.317	3574.3	196.066	3.0	1.000	0.7	0.733
481	3	0.0	0.000	3.0	1.000	97.6	26.313	3574.3	196.066	3.0	1.000	0.7	0.733
482	2	0.0	0.000	3.5	1.500	92.3	44.277	3460.5	276.500	3.5	1.500	1.1	1.100
483	1	0.0	.	5.0	.	48.2	.	3737.0	.	5.0	.	2.2	.
484	1	0.0	.	5.0	.	49.0	.	3737.0	.	5.0	.	2.2	.
485	1	0.0	.	5.0	.	50.0	.	3737.0	.	5.0	.	2.2	.
486	1	0.0	.	5.0	.	51.0	.	3737.0	.	5.0	.	2.2	.
487	1	0.0	.	5.0	.	51.8	.	3737.0	.	5.0	.	2.2	.
488	1	1.0	.	5.0	.	44.2	.	3736.0	.	5.0	.	2.2	.
489	1	0.0	.	6.0	.	45.2	.	3700.0	.	6.0	.	3.0	.
490	1	0.0	.	6.0	.	46.2	.	3700.0	.	6.0	.	3.0	.
491	1	0.0	.	6.0	.	47.2	.	3700.0	.	6.0	.	3.0	.
492	1	0.0	.	5.0	.	44.2	.	3732.0	.	5.0	.	2.4	.
493	1	0.0	.	4.0	.	54.5	.	3785.0	.	4.0	.	1.8	.
494	1	0.0	.	3.0	.	50.7	.	3370.0	.	3.0	.	0.7	.
495	1	0.0	.	3.0	.	51.7	.	3370.0	.	3.0	.	0.7	.
496	1	0.0	.	3.0	.	52.7	.	3370.0	.	3.0	.	0.7	.
497	1	0.0	.	3.0	.	53.7	.	3370.0	.	3.0	.	0.7	.
498	1	0.0	.	3.0	.	54.3	.	3370.0	.	3.0	.	0.7	.
499	1	0.0	.	3.0	.	55.3	.	3370.0	.	3.0	.	0.7	.
500	1	0.0	.	3.0	.	56.3	.	3370.0	.	3.0	.	0.7	.
