Mating System: Maternal Dominant Sporophytic Self Incompatibility, with Distance-Dependent Pollination

Runs=50, Generations=500, Initial PopSize=250, Safe Sites=0.250, First Reproduction=2
Maximum Per-Capita Ovule Production=100.000, Seed Establishment=0.050, Deathrate=0.050
Pollen Dispersal Range=142, Seed Dispersal Range=50, SI Alleles=10, Neutral Alleles=3

Number of Runs Persisting to 500 Generations: 45
Average Persistence: 497.4	Standard Error: 1.352

GEN\tNRUN\tTVEG\tERR1\tTREP\tERR2\t\AGE\tERR3\tEMPTY	ERR4	LREP	ERR5	MATE	ERR6
0	50	250.0	0.000	0.0	0.000	1.0	0.000	.	.	.	.	.	.
1	50	13.3	0.527	224.6	0.722	1.9	0.238	5588.2	14.049	224.6	0.722	179.1	0.594
2	50	11.4	0.548	225.7	0.684	2.8	0.282	5583.4	14.304	225.7	0.684	180.0	0.592
3	50	22.6	0.731	225.1	0.896	3.5	0.262	5593.2	14.595	225.1	0.896	179.6	0.754
4	50	38.0	0.966	233.0	1.193	4.0	0.261	5606.5	15.230	233.0	1.193	185.7	0.988
5	50	50.5	0.946	254.6	1.464	4.3	0.238	5628.4	14.474	254.6	1.464	203.4	1.242
6	50	54.9	1.133	284.0	1.794	4.6	0.336	5649.4	13.174	284.0	1.794	227.0	1.640
7	50	57.6	1.046	316.3	2.047	4.9	0.332	5671.3	13.571	316.3	2.047	251.6	1.918
8	50	58.6	1.046	349.1	2.226	5.3	0.231	5686.2	12.689	349.1	2.226	274.9	2.072
9	50	63.0	1.182	380.7	2.531	5.5	0.338	5677.4	11.715	380.7	2.531	296.9	2.424
10	50	61.2	0.934	415.3	2.883	5.8	0.400	5668.2	10.948	415.3	2.883	320.9	2.824
11	50	63.2	1.225	444.3	2.932	6.1	0.252	5661.6	11.542	444.3	2.932	339.9	3.093
12	50	65.6	1.256	474.8	3.208	6.4	0.322	5650.2	10.616	474.8	3.208	359.8	3.282
13	50	66.0	1.320	506.6	3.307	6.7	0.419	5625.2	10.469	506.6	3.307	380.6	3.382
14	50	66.4	1.080	537.0	3.798	7.0	0.373	5614.0	10.728	537.0	3.798	400.4	3.795
15	50	63.6	1.034	565.3	4.087	7.3	0.311	5602.0	10.204	565.3	4.087	418.2	4.100
16	50	67.1	1.439	590.8	4.100	7.6	0.425	5587.6	10.912	590.8	4.100	434.2	4.083
17	50	64.8	1.123	619.1	4.140	7.9	0.424	5572.7	10.417	619.1	4.140	452.3	4.233
18	50	65.1	0.996	642.4	4.117	8.2	0.307	5558.2	10.080	642.4	4.117	466.5	4.304
19	50	65.4	1.011	663.8	4.138	8.5	0.410	5547.8	10.044	663.8	4.138	478.9	4.581
20	50	66.4	1.198	685.9	3.923	8.8	0.471	5534.4	10.163	685.9	3.923	491.5	4.712
21	50	64.9	1.186	706.7	4.142	9.1	0.383	5522.7	9.335	706.7	4.142	503.6	4.817
22	50	64.1	1.215	725.7	4.219	9.4	0.396	5514.6	9.778	725.7	4.219	514.5	4.947
23	50	63.7	1.059	741.9	4.409	9.7	0.489	5505.1	9.654	741.9	4.409	523.1	5.049
24	50	63.7	1.163	758.1	4.388	9.9	0.422	5497.1	9.374	758.1	4.388	531.9	5.173
25	50	61.9	1.130	773.4	4.369	10.2	0.421	5486.1	9.524	773.4	4.369	539.6	5.124
26	50	61.7	1.188	787.5	4.414	10.5	0.467	5480.3	9.349	787.5	4.414	546.7	5.112
27	50	59.8	1.186	799.5	4.545	10.8	0.498	5475.5	9.120	799.5	4.545	552.0	5.240
28	50	60.6	1.100	809.0	4.757	11.1	0.436	5466.0	8.888	809.0	4.757	555.4	5.420
29	50	60.6	1.060	817.7	4.677	11.4	0.439	5458.0	8.835	817.7	4.677	558.9	5.402
30	50	58.6	1.276	827.5	4.473	11.6	0.475	5452.3	9.344	827.5	4.473	563.0	5.443
31	50	58.7	1.033	835.4	4.630	11.9	0.478	5445.7	9.123	835.4	4.630	565.9	5.598
32	50	61.1	1.255	841.1	4.627	12.2	0.493	5440.7	9.103	841.1	4.627	567.0	5.637
33	50	60.3	1.185	849.5	4.637	12.4	0.502	5436.9	9.163	849.5	4.637	570.3	5.711
34	50	61.3	1.018	856.6	4.801	12.6	0.539	5437.1	9.619	856.6	4.801	572.4	5.999
35	50	59.8	1.058	860.4	4.880	12.9	0.494	5438.0	9.950	860.4	4.880	572.0	6.157
36	50	57.8	1.344	865.0	5.054	13.1	0.503	5435.4	9.662	865.0	5.054	571.7	6.418
37	50	59.2	1.205	868.4	5.082	13.3	0.534	5434.3	9.419	868.4	5.082	570.4	6.413
38	50	61.3	1.310	871.5	5.005	13.5	0.497	5427.4	8.858	871.5	5.005	569.3	6.421
39	50	61.0	1.238	877.4	5.371	13.7	0.522	5422.5	8.270	877.4	5.371	570.3	6.549
40	50	60.0	1.221	880.5	5.497	14.0	0.559	5420.2	8.389	880.5	5.497	569.5	6.666
41	50	59.0	1.058	883.6	5.201	14.1	0.550	5418.6	8.534	883.6	5.201	568.4	6.775
42	50	59.4	1.374	885.5	5.124	14.3	0.530	5416.8	8.640	885.5	5.124	566.9	6.599
43	50	60.8	1.351	889.1	5.199	14.5	0.513	5414.4	8.503	889.1	5.199	566.8	6.747
44	50	60.1	1.259	894.5	5.240	14.7	0.537	5409.6	8.917	894.5	5.240	566.9	6.656
45	50	59.5	1.133	896.7	5.398	14.8	0.540	5409.2	8.946	896.7	5.398	565.1	6.824
46	50	61.1	1.005	898.5	5.433	15.0	0.542	5406.6	8.808	898.5	5.433	564.7	6.589
47	50	59.2	1.094	900.3	5.261	15.1	0.574	5409.4	9.074	900.3	5.261	563.0	6.489
48	50	59.7	1.100	900.9	5.464	15.3	0.562	5410.6	9.022	900.9	5.464	562.0	6.720
49	50	59.2	1.276	903.3	5.738	15.4	0.571	5409.4	8.574	903.3	5.738	560.3	6.952
50	50	59.0	1.246	901.9	6.118	15.6	0.572	5414.1	8.734	901.9	6.118	556.6	7.067
51	50	60.3	1.221	901.3	6.089	15.7	0.553	5415.6	9.091	901.3	6.089	552.7	7.073
52	50	58.1	1.308	900.5	6.039	15.9	0.577	5415.9	9.551	900.5	6.039	549.4	6.980
53	50	61.4	1.372	899.2	6.337	16.0	0.611	5415.6	9.471	899.2	6.337	545.2	6.950
54	50	59.9	1.225	901.6	6.544	16.1	0.547	5414.3	9.545	901.6	6.544	543.5	7.132
55	50	58.5	1.208	904.2	6.751	16.2	0.531	5416.7	9.194	904.2	6.751	541.3	7.190
56	50	57.5	1.286	903.9	6.700	16.4	0.551	5418.4	9.433	903.9	6.700	537.5	7.119
57	50	58.6	1.319	898.5	6.623	16.5	0.567	5422.8	9.543	898.5	6.623	531.5	7.017
58	50	59.3	1.337	896.0	6.850	16.6	0.618	5425.0	9.714	896.0	6.850	527.9	7.228
59	50	60.7	1.147	897.3	6.980	16.6	0.610	5419.5	9.895	897.3	6.980	524.9	7.220
60	50	59.2	1.363	897.8	6.893	16.8	0.596	5421.4	9.435	897.8	6.893	523.4	7.281
61	50	59.2	1.242	898.1	6.736	16.8	0.596	5420.2	9.845	898.1	6.736	520.1	7.298
62	50	56.9	1.101	898.5	6.622	16.9	0.602	5418.4	9.847	898.5	6.622	516.9	7.222
63	50	60.0	1.370	894.1	6.601	17.0	0.597	5423.8	10.755	894.1	6.601	512.1	7.328
64	50	56.1	1.258	895.8	6.831	17.1	0.557	5427.7	11.214	895.8	6.831	509.5	7.581
65	50	58.4	0.997	892.3	6.796	17.2	0.593	5429.5	11.209	892.3	6.796	504.9	7.401
66	50	60.0	1.213	890.3	6.753	17.3	0.542	5426.7	10.998	890.3	6.753	500.9	7.232
67	50	58.5	1.060	890.2	6.650	17.3	0.597	5429.3	10.813	890.2	6.650	498.1	7.457
68	50	59.4	1.211	888.9	6.784	17.4	0.618	5429.7	10.638	888.9	6.784	494.2	7.450
69	50	58.7	1.249	887.8	6.786	17.5	0.558	5434.2	10.402	887.8	6.786	490.3	7.449
70	50	59.3	1.373	885.3	6.536	17.5	0.571	5434.0	9.897	885.3	6.536	486.7	7.410
71	50	58.9	1.327	883.5	6.722	17.5	0.560	5437.2	9.940	883.5	6.722	483.6	7.733
72	50	58.8	1.383	882.0	6.752	17.6	0.557	5435.1	10.258	882.0	6.752	479.8	7.695
73	50	57.5	1.165	880.3	7.041	17.7	0.594	5439.5	10.276	880.3	7.041	475.3	7.790
74	50	55.9	1.223	879.3	6.977	17.7	0.570	5441.8	10.311	879.3	6.977	471.3	7.712
75	50	57.4	1.078	875.2	6.950	17.8	0.622	5448.5	10.504	875.2	6.950	467.0	7.534
76	50	57.9	1.196	873.1	6.627	17.8	0.618	5451.0	11.002	873.1	6.627	463.2	7.401
77	50	58.4	1.355	871.8	6.731	17.9	0.624	5451.1	10.124	871.8	6.731	459.4	7.422
78	50	57.0	1.045	870.1	6.702	17.9	0.598	5456.6	10.603	870.1	6.702	456.4	7.413
79	50	58.3	1.204	867.3	6.537	17.9	0.581	5461.0	9.895	867.3	6.537	452.6	7.357
80	50	58.0	1.535	866.2	6.902	17.9	0.569	5461.6	10.509	866.2	6.902	449.2	7.479
81	50	57.2	1.207	866.3	6.937	18.0	0.557	5464.2	10.613	866.3	6.937	446.9	7.410
82	50	58.8	1.146	864.5	6.945	18.0	0.586	5463.3	10.145	864.5	6.945	442.3	7.435
83	50	55.9	1.300	863.1	7.015	18.0	0.605	5466.8	9.863	863.1	7.015	438.6	7.359
84	50	56.1	1.147	860.5	7.363	18.1	0.595	5470.0	10.158	860.5	7.363	434.5	7.749
85	50	58.5	1.411	858.5	7.517	18.1	0.556	5471.9	9.890	858.5	7.517	431.2	7.852
86	50	55.8	1.182	857.8	7.712	18.1	0.606	5472.3	9.518	857.8	7.712	428.3	8.076
87	50	56.3	1.150	855.8	7.411	18.1	0.612	5472.8	9.751	855.8	7.411	424.7	8.041
88	50	55.6	1.384	853.0	7.720	18.2	0.576	5474.1	9.273	853.0	7.720	421.3	8.316
89	50	57.2	1.124	851.7	7.703	18.2	0.582	5470.9	9.256	851.7	7.703	417.7	8.417
90	50	55.3	1.019	848.5	7.661	18.2	0.556	5472.2	9.430	848.5	7.661	414.0	8.326
91	50	56.0	1.299	846.7	7.401	18.3	0.587	5474.5	9.493	846.7	7.401	409.9	8.286
92	50	53.4	1.087	845.3	7.400	18.3	0.605	5475.7	9.496	845.3	7.400	406.7	8.094
93	50	56.3	1.387	840.5	7.225	18.3	0.583	5478.6	9.724	840.5	7.225	402.2	7.960
94	50	54.8	1.536	838.0	7.440	18.4	0.577	5476.8	9.449	838.0	7.440	397.9	7.808
95	50	55.9	1.251	835.1	7.863	18.4	0.604	5480.3	9.660	835.1	7.863	393.9	7.964
96	50	52.8	1.172	832.8	7.397	18.4	0.595	5484.1	10.119	832.8	7.397	389.9	8.014
97	50	53.4	1.323	829.9	7.236	18.5	0.598	5484.7	9.783	829.9	7.236	387.8	8.015
98	50	54.0	1.309	826.6	7.301	18.5	0.578	5488.9	9.794	826.6	7.301	383.5	7.897
99	50	55.8	1.291	825.0	7.510	18.5	0.605	5488.1	10.013	825.0	7.510	381.3	8.061
100	50	55.2	1.224	823.7	7.673	18.5	0.639	5495.7	10.286	823.7	7.673	378.8	7.968
101	50	52.6	0.903	822.8	7.727	18.5	0.579	5497.1	10.404	822.8	7.727	377.2	7.986
102	50	54.6	1.187	819.9	7.496	18.6	0.598	5497.8	10.015	819.9	7.496	373.7	7.861
103	50	52.4	1.293	817.7	7.399	18.6	0.580	5499.9	10.194	817.7	7.399	370.5	7.838
104	50	52.6	1.101	813.3	7.560	18.7	0.600	5505.1	10.422	813.3	7.560	367.5	7.967
105	50	51.8	1.348	810.9	7.467	18.7	0.541	5507.0	10.173	810.9	7.467	364.5	7.927
106	50	53.4	1.254	806.9	7.692	18.7	0.595	5508.6	10.354	806.9	7.692	361.4	7.953
107	50	51.6	1.290	805.9	7.635	18.7	0.599	5510.4	10.225	805.9	7.635	358.9	7.948
108	50	53.3	1.208	802.2	7.656	18.7	0.531	5509.7	10.309	802.2	7.656	355.2	7.980
109	50	50.9	1.394	799.8	7.690	18.7	0.592	5516.8	10.745	799.8	7.690	353.6	7.999
110	50	50.9	1.295	796.8	7.770	18.8	0.613	5520.8	10.489	796.8	7.770	350.8	7.897
111	50	51.4	1.279	794.6	7.643	18.8	0.592	5523.4	10.474	794.6	7.643	349.0	7.776
112	50	49.9	1.370	793.0	7.881	18.8	0.621	5527.9	10.564	793.0	7.881	346.9	7.852
113	50	49.8	1.424	789.0	8.033	18.8	0.608	5532.4	10.728	789.0	8.033	344.7	8.025
114	50	51.5	1.369	785.5	8.249	18.8	0.545	5530.9	10.036	785.5	8.249	341.6	8.239
115	50	51.1	1.347	785.4	8.048	18.8	0.579	5532.5	10.052	785.4	8.048	341.3	8.392
116	50	50.7	1.158	784.4	8.173	18.8	0.658	5533.2	10.628	784.4	8.173	339.9	8.293
117	50	49.3	1.328	783.0	8.100	18.9	0.609	5533.9	10.621	783.0	8.100	338.3	8.317
118	50	49.2	1.214	778.7	8.113	18.9	0.643	5537.3	10.494	778.7	8.113	335.8	8.408
119	50	49.3	1.321	775.3	8.166	18.9	0.626	5540.1	10.527	775.3	8.166	332.6	8.303
120	50	49.0	1.168	773.5	8.403	18.9	0.649	5542.4	10.534	773.5	8.403	329.9	8.336
121	50	48.0	1.314	770.3	8.610	19.0	0.643	5546.2	10.293	770.3	8.610	327.8	8.420
122	50	48.2	1.281	767.9	8.924	18.9	0.579	5549.9	10.281	767.9	8.924	325.8	8.652
123	50	47.1	1.215	766.4	8.909	19.0	0.556	5550.5	10.472	766.4	8.909	324.3	8.789
124	50	46.9	1.234	763.3	8.891	19.0	0.612	5553.4	9.950	763.3	8.891	321.7	8.635
125	50	47.0	1.375	759.0	8.829	19.1	0.597	5556.8	9.905	759.0	8.829	319.2	8.400
126	50	47.3	1.478	755.2	8.766	19.1	0.602	5562.0	10.321	755.2	8.766	317.7	8.321
127	50	46.6	1.178	752.7	9.120	19.1	0.641	5563.4	10.479	752.7	9.120	315.7	8.330
128	50	46.7	1.268	748.6	9.292	19.1	0.623	5566.3	10.861	748.6	9.292	313.5	8.330
129	50	47.5	1.232	744.9	9.359	19.1	0.650	5568.5	10.847	744.9	9.359	311.5	8.127
130	50	46.6	1.246	742.1	9.428	19.2	0.622	5571.1	10.374	742.1	9.428	309.4	8.252
131	50	47.1	1.254	740.9	9.493	19.1	0.614	5568.4	10.581	740.9	9.493	308.6	8.219
132	50	46.1	1.267	739.0	9.509	19.2	0.593	5574.8	10.650	739.0	9.509	308.3	8.289
133	50	44.8	1.250	735.5	9.781	19.2	0.616	5578.1	10.000	735.5	9.781	307.1	8.180
134	50	46.7	1.228	731.2	9.911	19.2	0.572	5581.6	10.534	731.2	9.911	304.4	7.920
135	50	47.4	1.318	728.5	10.026	19.1	0.598	5578.4	10.832	728.5	10.026	303.8	7.740
136	50	44.8	1.319	728.3	10.112	19.2	0.620	5580.3	10.701	728.3	10.112	302.6	7.708
137	50	44.6	1.245	724.1	10.034	19.2	0.630	5587.7	11.062	724.1	10.034	299.9	7.625
138	50	44.6	1.173	721.0	9.910	19.2	0.623	5590.4	11.009	721.0	9.910	298.6	7.835
139	50	44.6	1.391	719.2	10.012	19.3	0.604	5591.9	11.174	719.2	10.012	297.8	7.739
140	50	43.4	1.421	716.5	10.208	19.3	0.602	5596.0	11.483	716.5	10.208	296.3	7.838
141	50	44.5	1.185	713.0	10.284	19.3	0.628	5593.6	11.195	713.0	10.284	295.5	7.813
142	50	42.5	1.055	711.7	10.409	19.4	0.629	5590.2	10.402	711.7	10.409	293.7	8.073
143	50	43.8	1.361	707.0	10.191	19.4	0.652	5591.2	10.296	707.0	10.191	291.0	8.216
144	50	42.4	1.261	703.1	10.086	19.4	0.618	5591.4	9.924	703.1	10.086	288.6	8.250
145	50	43.0	1.059	699.7	10.165	19.4	0.621	5598.0	9.911	699.7	10.165	287.4	8.253
146	50	42.7	1.291	696.8	10.161	19.4	0.624	5600.7	9.982	696.8	10.161	284.9	8.285
147	50	42.9	1.328	693.6	10.093	19.4	0.599	5597.0	9.380	693.6	10.093	284.2	8.507
148	50	42.1	1.394	691.0	10.230	19.4	0.578	5601.3	8.737	691.0	10.230	281.3	8.426
149	50	42.6	1.277	689.2	10.317	19.5	0.575	5602.5	9.259	689.2	10.317	280.2	8.394
150	50	41.5	1.256	687.2	10.498	19.5	0.608	5601.2	9.341	687.2	10.498	280.1	8.461
151	50	39.9	1.281	684.7	10.337	19.5	0.600	5600.9	9.077	684.7	10.337	279.4	8.409
152	50	42.1	1.248	679.4	10.361	19.5	0.592	5603.4	9.290	679.4	10.361	277.2	8.443
153	50	39.8	1.422	678.8	10.292	19.6	0.606	5601.8	9.310	678.8	10.292	277.0	8.528
154	50	39.1	1.102	675.2	10.463	19.6	0.611	5607.7	10.015	675.2	10.463	275.6	8.789
155	50	41.2	1.281	670.3	10.404	19.6	0.581	5607.7	9.689	670.3	10.404	273.1	8.807
156	50	40.5	1.091	667.8	10.721	19.7	0.626	5607.6	10.135	667.8	10.721	270.4	8.723
157	50	40.1	1.170	664.6	10.771	19.7	0.649	5609.7	10.344	664.6	10.771	267.8	8.628
158	50	38.0	1.279	660.9	10.706	19.8	0.604	5612.4	10.140	660.9	10.706	265.3	8.505
159	50	41.8	1.206	657.5	10.695	19.8	0.608	5611.8	10.645	657.5	10.695	264.6	8.512
160	50	39.5	1.279	656.5	10.676	19.7	0.626	5609.9	10.412	656.5	10.676	263.9	8.421
161	50	39.2	1.090	654.8	10.914	19.8	0.627	5606.8	11.059	654.8	10.914	262.2	8.452
162	50	39.7	1.247	651.3	10.902	19.8	0.647	5609.3	10.429	651.3	10.902	259.7	8.514
163	50	40.4	1.275	647.8	11.190	19.7	0.594	5607.2	10.529	647.8	11.190	256.6	8.428
164	50	41.4	1.240	645.2	11.394	19.7	0.602	5611.5	10.919	645.2	11.394	255.8	8.274
165	50	39.9	1.141	644.2	11.821	19.7	0.606	5611.6	10.319	644.2	11.821	254.4	8.167
166	50	38.4	1.462	642.3	11.695	19.7	0.610	5613.8	10.417	642.3	11.695	253.1	8.109
167	50	37.4	1.374	640.5	11.835	19.8	0.603	5610.5	10.202	640.5	11.835	252.1	8.188
168	50	36.7	1.314	636.8	11.825	19.8	0.607	5613.3	10.618	636.8	11.825	249.6	8.034
169	50	37.4	1.312	633.1	11.751	19.9	0.643	5614.2	10.379	633.1	11.751	248.0	8.056
170	50	36.9	0.981	630.1	11.983	19.9	0.621	5613.1	9.700	630.1	11.983	247.1	7.925
171	50	37.2	1.137	626.6	11.739	19.9	0.608	5609.5	10.219	626.6	11.739	245.4	7.651
172	50	37.0	1.102	625.2	11.664	19.9	0.632	5610.1	10.579	625.2	11.664	244.8	7.606
173	50	35.6	0.987	623.0	11.664	19.9	0.572	5610.6	10.687	623.0	11.664	243.6	7.426
174	50	36.7	1.234	619.0	11.201	20.0	0.606	5609.5	10.902	619.0	11.201	241.5	7.386
175	50	36.3	1.467	616.7	11.324	19.9	0.602	5609.9	10.890	616.7	11.324	240.1	7.421
176	50	35.6	1.122	614.8	11.508	19.9	0.545	5606.2	11.066	614.8	11.508	239.2	7.478
177	50	33.9	1.257	612.3	11.552	20.0	0.587	5611.8	11.445	612.3	11.552	238.1	7.470
178	50	36.2	1.239	608.6	11.542	20.0	0.556	5612.7	11.585	608.6	11.542	237.4	7.462
179	50	35.6	1.379	606.3	11.398	20.0	0.614	5617.6	12.181	606.3	11.398	236.3	7.339
180	50	34.9	1.172	602.2	11.316	20.1	0.612	5618.4	11.791	602.2	11.316	234.6	7.257
181	50	34.0	1.338	599.7	11.384	20.1	0.635	5622.4	11.729	599.7	11.384	233.9	7.253
182	50	34.9	1.248	597.0	11.463	20.1	0.639	5620.0	11.125	597.0	11.463	233.0	7.234
183	50	34.2	1.392	594.4	11.637	20.2	0.582	5620.1	11.806	594.4	11.637	232.1	7.247
184	50	34.4	1.356	591.1	11.652	20.2	0.586	5615.7	12.300	591.1	11.652	230.8	7.120
185	50	33.2	1.054	588.8	11.758	20.1	0.579	5615.9	12.898	588.8	11.758	229.8	7.081
186	50	33.5	1.142	586.7	11.447	20.1	0.627	5611.3	13.367	586.7	11.447	228.9	6.916
187	50	32.2	1.195	583.5	11.202	20.1	0.611	5609.6	13.712	583.5	11.202	227.5	6.767
188	50	32.4	1.151	579.7	11.029	20.2	0.572	5613.2	13.398	579.7	11.029	225.8	6.693
189	50	33.1	1.222	575.4	11.099	20.2	0.632	5611.1	13.347	575.4	11.099	223.8	6.523
190	50	32.7	1.057	572.3	10.907	20.2	0.616	5615.2	13.885	572.3	10.907	222.3	6.447
191	50	32.6	1.204	569.5	10.738	20.3	0.583	5610.5	13.903	569.5	10.738	221.5	6.376
192	50	32.6	1.091	567.8	10.944	20.3	0.628	5607.5	13.817	567.8	10.944	221.0	6.270
193	50	32.7	1.212	564.8	10.889	20.3	0.632	5608.2	14.329	564.8	10.889	219.3	6.213
194	50	31.0	1.115	562.8	10.896	20.4	0.616	5607.1	14.077	562.8	10.896	218.7	6.258
195	50	33.1	1.243	559.0	10.683	20.4	0.647	5606.3	14.245	559.0	10.683	217.8	6.384
196	50	31.5	1.395	557.7	10.879	20.4	0.623	5605.0	15.277	557.7	10.879	217.5	6.434
197	50	30.5	1.128	556.3	11.016	20.4	0.594	5603.8	15.101	556.3	11.016	217.3	6.430
198	50	32.0	1.182	552.2	11.083	20.4	0.640	5606.6	15.162	552.2	11.083	215.8	6.356
199	50	31.4	1.290	550.9	10.810	20.5	0.654	5606.5	15.826	550.9	10.810	215.4	6.352
200	50	29.7	1.167	547.7	10.881	20.5	0.624	5607.1	16.470	547.7	10.881	214.2	6.448
201	50	30.9	1.142	542.6	10.991	20.6	0.555	5608.2	16.731	542.6	10.991	211.8	6.371
202	50	30.4	1.187	540.7	10.988	20.6	0.624	5606.5	17.195	540.7	10.988	211.7	6.437
203	50	30.3	1.153	537.7	11.199	20.6	0.610	5609.0	16.919	537.7	11.199	210.3	6.571
204	50	29.9	1.063	535.9	11.188	20.6	0.618	5612.7	16.917	535.9	11.188	209.5	6.563
205	50	30.2	0.917	533.2	11.288	20.6	0.607	5616.8	16.761	533.2	11.288	208.3	6.458
206	50	30.1	1.041	530.4	11.376	20.6	0.604	5622.3	17.228	530.4	11.376	207.0	6.573
207	50	30.0	1.063	529.0	11.257	20.6	0.586	5618.6	18.304	529.0	11.257	206.0	6.521
208	50	30.7	1.351	527.3	11.255	20.5	0.599	5616.9	18.666	527.3	11.255	205.3	6.599
209	50	29.1	1.071	526.6	11.487	20.5	0.627	5617.0	17.829	526.6	11.487	204.7	6.700
210	50	30.4	1.043	523.0	11.518	20.6	0.619	5618.3	17.723	523.0	11.518	203.5	6.615
211	50	30.4	1.250	519.7	11.175	20.5	0.637	5616.3	18.571	519.7	11.175	201.4	6.605
212	50	29.7	1.282	517.7	11.469	20.5	0.588	5610.5	18.786	517.7	11.469	200.1	6.697
213	50	28.7	1.164	515.3	11.531	20.5	0.615	5606.7	19.175	515.3	11.531	198.7	6.787
214	50	28.6	1.273	512.8	11.647	20.6	0.659	5606.4	18.746	512.8	11.647	197.8	6.881
215	50	30.7	1.340	509.2	11.820	20.5	0.624	5602.8	19.024	509.2	11.820	196.2	6.948
216	50	30.0	1.261	508.0	12.040	20.5	0.631	5597.8	19.896	508.0	12.040	195.7	7.119
217	50	29.7	1.224	506.1	12.154	20.5	0.652	5596.6	19.419	506.1	12.154	195.0	7.239
218	50	28.6	1.145	504.4	12.062	20.5	0.633	5597.0	19.406	504.4	12.062	193.9	7.400
219	50	29.1	1.213	501.1	11.945	20.5	0.616	5601.1	19.846	501.1	11.945	192.6	7.299
220	50	27.3	1.127	500.0	12.016	20.6	0.636	5600.0	19.888	500.0	12.016	192.4	7.484
221	50	27.2	1.169	496.6	11.898	20.6	0.649	5594.0	20.250	496.6	11.898	191.5	7.502
222	50	27.1	1.201	493.4	11.802	20.7	0.624	5588.8	20.430	493.4	11.802	189.6	7.540
223	50	26.8	1.218	490.9	12.005	20.7	0.653	5588.2	20.246	490.9	12.005	188.6	7.695
224	50	28.0	1.268	487.2	12.113	20.7	0.647	5588.5	20.270	487.2	12.113	187.1	7.705
225	50	28.5	1.044	484.4	11.955	20.6	0.631	5590.1	20.674	484.4	11.955	186.0	7.642
226	50	27.9	1.194	482.6	11.850	20.6	0.589	5589.9	21.199	482.6	11.850	185.4	7.479
227	50	26.9	1.228	479.8	11.959	20.5	0.605	5588.5	21.124	479.8	11.959	183.7	7.570
228	50	27.0	1.325	477.0	11.984	20.5	0.531	5582.6	21.104	477.0	11.984	182.4	7.651
229	50	26.4	1.262	474.4	12.135	20.6	0.554	5587.7	21.282	474.4	12.135	182.2	7.657
230	50	25.8	1.103	471.5	12.084	20.6	0.597	5584.2	21.697	471.5	12.084	181.1	7.690
231	50	27.3	1.324	468.9	11.878	20.6	0.599	5585.0	21.734	468.9	11.878	179.1	7.438
232	50	26.4	1.149	467.5	12.050	20.6	0.607	5579.4	21.846	467.5	12.050	178.9	7.495
233	50	27.4	1.200	466.3	12.048	20.6	0.595	5571.1	21.876	466.3	12.048	178.3	7.449
234	50	26.7	1.181	465.2	12.225	20.6	0.639	5568.6	21.443	465.2	12.225	177.3	7.546
235	50	25.1	1.298	464.0	12.393	20.6	0.601	5571.8	20.677	464.0	12.393	176.3	7.482
236	50	24.7	1.056	460.7	12.679	20.7	0.567	5579.1	20.571	460.7	12.679	175.5	7.579
237	50	24.9	1.218	457.1	12.698	20.7	0.584	5577.4	21.230	457.1	12.698	173.8	7.529
238	50	24.4	1.030	453.9	12.881	20.8	0.572	5573.4	21.088	453.9	12.881	171.9	7.493
239	50	25.1	1.174	451.5	12.923	20.8	0.535	5573.0	21.097	451.5	12.923	170.5	7.447
240	50	25.2	1.372	448.4	12.633	20.8	0.564	5567.2	21.338	448.4	12.633	168.7	7.288
241	50	24.7	1.243	446.7	12.841	20.8	0.569	5564.7	21.073	446.7	12.841	168.2	7.304
242	50	24.7	1.307	444.4	13.032	20.8	0.597	5562.2	21.545	444.4	13.032	167.6	7.333
243	50	23.1	1.017	441.9	13.242	20.9	0.549	5556.1	20.969	441.9	13.242	166.4	7.287
244	50	24.1	1.241	436.9	13.264	20.9	0.550	5556.8	21.252	436.9	13.264	164.0	7.181
245	50	24.6	1.207	434.4	13.465	20.9	0.560	5555.5	21.528	434.4	13.465	162.8	7.254
246	50	23.7	1.232	431.1	13.447	21.0	0.603	5550.0	22.384	431.1	13.447	161.3	7.172
247	50	24.7	1.406	428.4	13.521	21.0	0.620	5544.7	22.997	428.4	13.521	160.1	7.095
248	50	24.1	1.115	427.4	13.540	20.9	0.622	5548.4	22.893	427.4	13.540	159.4	7.088
249	50	24.6	1.164	426.1	13.321	20.8	0.621	5539.0	23.684	426.1	13.321	158.2	6.896
250	50	24.7	1.215	424.0	13.195	20.8	0.622	5539.7	24.042	424.0	13.195	156.9	6.836
251	50	23.1	1.178	422.9	13.431	20.8	0.590	5539.2	24.412	422.9	13.431	156.4	6.908
252	50	22.4	1.193	420.1	13.183	20.9	0.586	5533.5	24.403	420.1	13.183	154.6	6.749
253	50	22.8	1.200	417.2	13.005	20.9	0.562	5532.2	24.994	417.2	13.005	153.4	6.765
254	50	22.3	1.038	414.6	13.099	20.8	0.602	5535.7	26.338	414.6	13.099	152.1	6.776
255	50	23.1	1.143	410.1	13.061	20.8	0.596	5535.8	26.337	410.1	13.061	150.5	6.745
256	50	22.4	1.153	410.1	13.021	20.8	0.597	5529.2	26.972	410.1	13.021	150.0	6.758
257	50	23.3	1.101	407.7	13.083	20.8	0.589	5525.4	27.403	407.7	13.083	148.4	6.720
258	50	21.5	1.058	405.7	12.871	20.8	0.558	5520.1	26.316	405.7	12.871	147.5	6.751
259	50	23.1	1.232	401.4	12.687	20.8	0.588	5520.0	26.548	401.4	12.687	145.2	6.657
260	50	22.7	1.216	400.0	12.690	20.8	0.619	5510.9	26.705	400.0	12.690	143.4	6.595
261	50	22.6	1.193	399.1	12.778	20.8	0.617	5503.9	27.187	399.1	12.778	142.0	6.568
262	50	22.8	1.068	397.9	13.016	20.8	0.623	5500.7	27.319	397.9	13.016	141.1	6.518
263	50	22.1	1.414	396.5	12.981	20.8	0.608	5499.3	27.444	396.5	12.981	140.4	6.454
264	50	22.3	1.194	393.5	13.152	20.8	0.557	5497.5	26.955	393.5	13.152	139.3	6.515
265	50	21.6	1.119	391.4	13.168	20.8	0.597	5496.8	27.551	391.4	13.168	137.9	6.455
266	50	21.2	1.102	389.0	13.345	20.8	0.647	5490.3	27.714	389.0	13.345	136.7	6.382
267	50	20.6	1.201	387.4	13.362	20.9	0.635	5483.7	27.155	387.4	13.362	135.6	6.378
268	50	20.6	1.216	384.0	13.358	20.9	0.566	5480.5	27.464	384.0	13.358	134.0	6.386
269	50	19.3	0.983	381.5	13.623	21.0	0.555	5477.4	27.346	381.5	13.623	132.8	6.371
270	50	20.8	1.096	378.5	13.614	21.0	0.639	5476.5	27.253	378.5	13.614	131.7	6.419
271	50	20.2	0.965	376.0	13.455	21.0	0.592	5471.5	26.643	376.0	13.455	130.7	6.342
272	50	20.5	0.943	374.3	13.302	21.0	0.622	5465.9	27.093	374.3	13.302	129.7	6.360
273	50	19.9	1.063	372.5	13.135	21.1	0.602	5454.9	27.625	372.5	13.135	128.8	6.355
274	50	20.2	0.923	369.3	13.253	21.1	0.607	5453.9	28.447	369.3	13.253	127.9	6.392
275	50	20.5	1.194	368.5	13.074	21.1	0.585	5447.5	29.490	368.5	13.074	127.4	6.299
276	50	19.8	1.197	367.2	13.358	21.1	0.630	5445.4	29.409	367.2	13.358	126.3	6.348
277	50	19.2	1.096	365.2	13.432	21.2	0.581	5448.9	29.437	365.2	13.432	125.6	6.333
278	50	19.8	1.306	362.3	13.339	21.2	0.628	5444.9	30.187	362.3	13.339	124.4	6.274
279	50	20.1	1.070	358.9	13.473	21.2	0.600	5443.9	30.184	358.9	13.473	123.1	6.194
280	50	20.1	1.088	356.7	13.475	21.2	0.593	5432.3	30.364	356.7	13.475	122.0	6.122
281	50	19.5	1.080	355.2	13.494	21.2	0.611	5426.0	31.180	355.2	13.494	121.7	6.035
282	50	18.7	0.779	354.2	13.609	21.2	0.599	5425.2	31.199	354.2	13.609	120.8	5.967
283	50	18.5	1.134	351.4	13.235	21.3	0.659	5420.4	31.976	351.4	13.235	119.9	5.809
284	50	18.5	0.831	349.5	13.336	21.3	0.593	5413.8	31.450	349.5	13.336	118.5	5.765
285	50	18.1	1.117	347.0	13.118	21.3	0.588	5404.9	31.760	347.0	13.118	117.5	5.652
286	50	16.7	1.012	343.4	13.091	21.3	0.620	5403.4	31.632	343.4	13.091	115.7	5.497
287	50	18.3	1.004	338.6	12.799	21.4	0.613	5399.2	31.551	338.6	12.799	113.8	5.390
288	50	18.3	1.092	335.9	12.876	21.5	0.588	5394.8	31.765	335.9	12.876	112.7	5.348
289	50	17.3	1.101	333.7	12.907	21.5	0.616	5388.5	32.572	333.7	12.907	112.1	5.373
290	50	18.1	1.090	331.4	12.884	21.6	0.595	5382.5	32.533	331.4	12.884	111.0	5.274
291	50	16.8	0.851	329.9	13.073	21.7	0.593	5378.2	32.020	329.9	13.073	111.2	5.308
292	50	16.7	0.947	326.9	12.878	21.7	0.613	5373.2	31.672	326.9	12.878	110.5	5.236
293	50	17.9	1.114	323.6	12.745	21.7	0.610	5370.3	30.443	323.6	12.745	109.8	5.197
294	50	17.1	0.966	322.1	12.837	21.7	0.631	5364.0	30.894	322.1	12.837	109.2	5.269
295	50	16.7	1.076	319.4	12.823	21.7	0.635	5357.4	31.240	319.4	12.823	108.8	5.272
296	50	16.3	1.052	317.2	12.961	21.7	0.587	5354.8	31.785	317.2	12.961	108.2	5.295
297	50	16.5	1.099	314.1	12.923	21.8	0.611	5353.9	32.532	314.1	12.923	107.6	5.304
298	50	15.8	1.060	311.9	13.010	21.8	0.593	5354.1	33.693	311.9	13.010	106.7	5.368
299	50	15.7	0.968	308.5	13.007	21.8	0.619	5351.0	34.072	308.5	13.007	105.7	5.351
300	50	16.7	1.037	305.9	12.905	21.9	0.613	5345.7	33.794	305.9	12.905	104.9	5.287
301	50	16.0	1.030	304.1	12.917	21.9	0.613	5335.6	33.773	304.1	12.917	104.8	5.247
302	50	15.7	0.945	301.4	12.932	21.8	0.660	5329.4	34.579	301.4	12.932	103.6	5.283
303	50	16.5	0.934	298.7	12.836	21.7	0.636	5332.8	35.784	298.7	12.836	102.9	5.389
304	50	15.0	0.983	297.3	12.681	21.8	0.626	5324.7	36.847	297.3	12.681	102.6	5.390
305	50	16.1	0.940	295.2	12.531	21.8	0.613	5315.6	37.534	295.2	12.531	102.2	5.372
306	50	15.5	0.949	293.0	12.579	21.7	0.632	5310.0	37.920	293.0	12.579	101.5	5.471
307	50	15.9	1.023	291.4	12.565	21.8	0.643	5302.7	37.799	291.4	12.565	100.7	5.569
308	50	14.8	1.068	289.5	12.583	21.9	0.564	5297.1	37.333	289.5	12.583	99.5	5.543
309	50	14.3	0.992	286.4	12.597	21.9	0.608	5292.1	38.292	286.4	12.597	98.5	5.531
310	50	14.6	0.968	283.6	12.566	21.9	0.642	5281.6	38.173	283.6	12.566	97.3	5.518
311	50	13.6	0.869	282.3	12.623	22.0	0.626	5277.1	38.999	282.3	12.623	97.0	5.525
312	50	14.5	0.926	278.9	12.459	22.0	0.593	5270.4	39.731	278.9	12.459	96.0	5.478
313	50	14.5	1.009	276.4	12.282	22.0	0.617	5262.1	40.955	276.4	12.282	94.7	5.368
314	50	14.7	1.067	274.3	12.158	22.1	0.547	5258.9	41.397	274.3	12.158	93.9	5.340
315	50	14.2	0.909	273.5	12.271	22.1	0.614	5251.5	40.521	273.5	12.271	93.7	5.385
316	50	14.2	0.996	272.4	12.319	22.1	0.661	5244.4	40.190	272.4	12.319	93.4	5.333
317	50	13.4	0.894	269.8	12.279	22.2	0.596	5236.8	39.842	269.8	12.279	92.6	5.321
318	50	13.4	0.802	267.7	12.210	22.2	0.619	5228.2	40.338	267.7	12.210	91.8	5.297
319	50	13.6	1.053	265.1	12.038	22.2	0.618	5218.4	41.139	265.1	12.038	91.0	5.253
320	50	12.6	0.897	263.9	12.259	22.3	0.606	5215.6	40.654	263.9	12.259	90.7	5.404
321	50	13.2	0.977	261.7	12.320	22.4	0.570	5207.6	40.718	261.7	12.320	90.4	5.446
322	50	12.5	0.926	259.7	12.373	22.4	0.614	5204.7	41.586	259.7	12.373	90.3	5.552
323	50	12.6	0.909	257.1	12.173	22.4	0.602	5194.1	41.620	257.1	12.173	89.2	5.409
324	50	12.5	0.886	254.2	12.022	22.6	0.540	5190.0	42.753	254.2	12.022	87.9	5.353
325	50	12.9	0.945	252.2	11.869	22.6	0.630	5184.3	42.775	252.2	11.869	87.5	5.335
326	50	12.1	0.843	250.8	11.879	22.7	0.617	5182.3	42.077	250.8	11.879	86.6	5.375
327	50	12.4	1.037	248.8	11.731	22.7	0.597	5173.0	42.308	248.8	11.731	86.1	5.340
328	50	12.0	0.984	247.2	11.855	22.8	0.623	5169.8	42.082	247.2	11.855	85.6	5.367
329	50	11.9	0.916	245.4	12.150	22.9	0.627	5168.3	42.360	245.4	12.150	85.3	5.524
330	50	12.0	0.867	243.0	12.151	23.0	0.588	5168.0	41.663	243.0	12.151	84.7	5.535
331	50	12.3	0.920	240.3	12.036	23.0	0.551	5155.3	41.814	240.3	12.036	83.7	5.527
332	50	12.3	0.939	237.8	12.010	23.0	0.544	5151.4	42.313	237.8	12.010	83.1	5.525
333	50	12.0	0.958	236.6	12.062	23.0	0.616	5146.0	43.098	236.6	12.062	82.8	5.588
334	50	10.5	0.712	235.3	12.036	23.1	0.614	5137.6	43.084	235.3	12.036	82.4	5.656
335	50	11.7	0.942	232.7	11.875	23.2	0.593	5129.7	42.847	232.7	11.875	81.7	5.557
336	50	11.6	1.028	230.5	12.102	23.2	0.588	5122.5	43.125	230.5	12.102	81.2	5.662
337	50	12.3	0.969	228.0	12.100	23.2	0.560	5113.9	43.378	228.0	12.100	80.5	5.669
338	50	11.5	0.848	226.1	12.163	23.2	0.586	5110.2	44.221	226.1	12.163	80.0	5.683
339	50	11.3	0.739	224.7	12.028	23.3	0.541	5104.7	45.051	224.7	12.028	79.1	5.597
340	50	11.1	0.899	222.8	11.797	23.2	0.464	5093.0	44.485	222.8	11.797	78.4	5.536
341	50	11.6	1.061	220.6	11.826	23.3	0.537	5084.4	45.181	220.6	11.826	77.3	5.485
342	50	10.4	1.006	220.4	12.062	23.4	0.541	5073.8	44.333	220.4	12.062	77.2	5.515
343	50	10.3	0.763	219.1	12.230	23.4	0.483	5068.2	44.701	219.1	12.230	76.8	5.604
344	50	10.6	1.009	217.0	12.126	23.5	0.553	5060.1	44.941	217.0	12.126	76.0	5.529
345	50	10.3	0.847	215.2	12.157	23.6	0.457	5057.9	44.683	215.2	12.157	75.1	5.552
346	50	10.2	0.831	212.9	12.074	23.6	0.402	5056.7	44.736	212.9	12.074	74.2	5.543
347	50	10.9	0.956	210.5	11.919	23.5	0.472	5045.3	45.169	210.5	11.919	73.4	5.428
348	50	10.4	0.830	208.3	11.870	23.6	0.358	5043.5	45.148	208.3	11.870	72.6	5.396
349	50	9.5	0.788	206.5	11.735	23.7	0.497	5039.1	45.893	206.5	11.735	71.9	5.363
350	50	9.6	0.908	203.7	11.537	23.7	0.487	5035.0	47.538	203.7	11.537	71.3	5.282
351	50	9.9	0.880	201.5	11.613	23.6	0.452	5026.4	47.982	201.5	11.613	70.5	5.327
352	50	9.7	0.884	198.9	11.589	23.8	0.415	5017.8	47.682	198.9	11.589	69.5	5.220
353	50	8.7	0.750	197.5	11.672	23.8	0.436	5010.4	47.846	197.5	11.672	69.2	5.248
354	50	8.7	0.744	195.2	11.604	24.0	0.399	5006.5	47.970	195.2	11.604	68.3	5.208
355	50	9.7	0.808	193.8	11.670	23.8	0.487	4995.5	48.741	193.8	11.670	67.5	5.192
356	50	8.4	0.767	192.4	11.608	24.0	0.478	4993.4	47.694	192.4	11.608	66.9	5.160
357	50	8.8	0.798	189.5	11.502	24.1	0.444	4990.6	47.592	189.5	11.502	66.0	5.072
358	50	8.5	0.753	187.3	11.335	24.2	0.453	4990.5	48.549	187.3	11.335	64.9	4.930
359	50	8.6	0.702	185.4	11.289	24.2	0.456	4980.4	48.586	185.4	11.289	64.2	4.863
360	50	8.5	0.741	183.2	11.206	24.3	0.334	4970.6	48.665	183.2	11.206	63.4	4.813
361	50	9.4	0.756	181.1	11.178	24.3	0.353	4964.8	49.738	181.1	11.178	62.5	4.770
362	50	8.6	0.760	179.0	11.112	24.3	0.309	4957.0	48.914	179.0	11.112	61.4	4.655
363	50	8.5	0.781	176.8	11.120	24.4	0.316	4953.5	48.959	176.8	11.120	60.7	4.625
364	50	8.1	0.726	174.9	11.070	24.5	0.300	4952.2	47.602	174.9	11.070	60.1	4.549
365	50	8.4	0.775	173.4	11.024	24.4	0.158	4943.3	48.092	173.4	11.024	59.3	4.473
366	50	8.1	0.808	171.6	10.983	24.4	0.257	4936.5	48.842	171.6	10.983	58.6	4.413
367	50	9.0	0.811	170.0	10.949	24.5	0.149	4929.9	48.728	170.0	10.949	57.8	4.388
368	50	8.5	0.720	169.1	11.014	24.4	0.028	4924.3	48.743	169.1	11.014	57.4	4.396
369	50	8.4	0.792	167.5	10.935	24.4	0.241	4917.3	48.978	167.5	10.935	56.7	4.323
370	50	7.8	0.736	166.3	10.943	24.5	0.294	4912.5	49.111	166.3	10.943	56.5	4.379
371	50	8.9	0.763	164.1	10.863	24.4	0.423	4896.5	48.474	164.1	10.863	55.8	4.339
372	50	7.8	0.656	163.6	10.864	24.5	0.275	4882.6	48.534	163.6	10.864	55.6	4.375
373	50	7.8	0.638	162.5	10.710	24.4	0.327	4875.0	48.320	162.5	10.710	55.2	4.360
374	50	7.7	0.776	161.0	10.494	24.4	0.275	4864.6	49.330	161.0	10.494	54.6	4.294
375	50	7.7	0.790	159.4	10.409	24.5	0.423	4850.6	48.484	159.4	10.409	54.2	4.372
376	50	7.8	0.709	157.5	10.437	24.6	0.311	4843.0	47.977	157.5	10.437	54.0	4.478
377	50	6.9	0.642	156.6	10.452	24.8	0.110	4842.7	47.980	156.6	10.452	53.6	4.479
378	50	7.4	0.728	154.0	10.322	25.0	0.221	4832.0	47.195	154.0	10.322	52.5	4.459
379	50	7.1	0.676	152.1	10.227	25.0	0.169	4825.4	46.767	152.1	10.227	51.6	4.466
380	50	7.6	0.778	150.2	10.065	25.1	0.240	4817.9	45.902	150.2	10.065	51.1	4.447
381	50	7.5	0.685	148.6	10.046	25.1	0.370	4804.2	44.722	148.6	10.046	50.5	4.414
382	50	8.1	0.778	146.5	9.949	24.9	0.350	4794.7	45.569	146.5	9.949	49.8	4.368
383	50	7.0	0.669	146.6	10.208	24.8	0.483	4783.1	45.384	146.6	10.208	49.9	4.456
384	50	6.9	0.721	144.9	10.173	24.9	0.465	4776.1	45.390	144.9	10.173	49.1	4.370
385	50	6.6	0.631	143.7	10.114	25.0	0.550	4768.2	45.205	143.7	10.114	48.7	4.401
386	50	6.5	0.722	141.3	10.081	25.1	0.444	4763.9	45.093	141.3	10.081	47.8	4.356
387	50	6.5	0.643	139.4	10.136	25.0	0.520	4756.3	44.913	139.4	10.136	46.9	4.323
388	50	6.0	0.538	138.1	10.077	25.0	0.483	4746.1	44.267	138.1	10.077	46.4	4.281
389	50	6.3	0.640	136.4	9.940	25.0	0.537	4742.1	45.186	136.4	9.940	45.8	4.262
390	50	6.0	0.625	135.2	9.944	25.3	0.555	4735.8	45.380	135.2	9.944	45.2	4.292
391	50	6.6	0.669	133.2	9.908	25.1	0.534	4723.9	47.174	133.2	9.908	44.7	4.310
392	50	7.0	0.698	131.7	9.968	24.9	0.442	4717.2	46.856	131.7	9.968	44.5	4.311
393	50	6.7	0.637	131.0	10.004	24.8	0.553	4703.3	47.370	131.0	10.004	43.9	4.307
394	50	6.1	0.650	129.7	9.910	24.9	0.446	4695.3	47.233	129.7	9.910	43.3	4.228
395	50	6.1	0.576	128.7	9.892	25.0	0.420	4684.9	46.470	128.7	9.892	43.0	4.278
396	50	6.0	0.562	126.8	9.822	24.9	0.388	4680.4	46.446	126.8	9.822	42.3	4.195
397	50	5.5	0.694	125.6	9.664	24.9	0.195	4668.1	46.746	125.6	9.664	41.8	4.144
398	50	5.3	0.696	123.4	9.585	25.2	0.400	4662.1	46.896	123.4	9.585	41.0	4.099
399	50	5.3	0.568	121.5	9.486	25.4	0.395	4656.7	46.518	121.5	9.486	40.3	4.047
400	50	5.2	0.660	120.2	9.334	25.5	0.459	4650.6	47.389	120.2	9.334	40.1	4.037
401	50	5.5	0.599	118.5	9.319	25.6	0.358	4645.1	48.039	118.5	9.319	39.5	3.994
402	50	5.6	0.643	117.1	9.183	25.6	0.456	4641.0	47.298	117.1	9.183	38.9	3.918
403	50	5.3	0.631	115.7	9.174	25.6	0.402	4628.1	48.109	115.7	9.174	38.2	3.894
404	50	5.9	0.655	114.6	9.259	25.6	0.385	4623.3	48.006	114.6	9.259	37.9	3.896
405	50	5.0	0.593	113.2	9.306	25.6	0.473	4609.9	47.855	113.2	9.306	37.2	3.830
406	50	5.2	0.598	111.2	9.284	25.5	0.324	4598.1	48.026	111.2	9.284	36.4	3.787
407	50	5.3	0.634	109.5	9.233	25.4	0.313	4586.5	49.472	109.5	9.233	35.6	3.746
408	50	5.2	0.653	108.0	9.184	25.4	0.095	4573.4	50.350	108.0	9.184	35.0	3.718
409	50	4.4	0.581	107.3	9.132	25.5	0.329	4564.5	50.651	107.3	9.132	34.7	3.677
410	50	5.1	0.622	105.7	8.966	25.8	0.451	4554.7	50.049	105.7	8.966	34.1	3.586
411	50	4.2	0.534	104.6	8.963	25.9	0.382	4544.5	51.381	104.6	8.963	33.5	3.536
412	50	4.6	0.596	103.1	8.963	26.0	0.445	4540.9	51.162	103.1	8.963	33.1	3.542
413	50	5.0	0.589	101.8	9.063	25.8	0.402	4519.9	52.244	101.8	9.063	32.6	3.577
414	50	4.1	0.467	101.0	9.061	26.0	0.408	4510.8	53.961	101.0	9.061	32.6	3.566
415	50	4.2	0.573	99.7	8.974	26.3	0.459	4508.7	53.497	99.7	8.974	32.2	3.561
416	50	4.2	0.513	98.6	9.029	26.4	0.486	4507.3	51.538	98.6	9.029	32.0	3.592
417	50	4.2	0.582	96.9	8.810	26.5	0.620	4500.8	52.316	96.9	8.810	31.2	3.488
418	50	4.3	0.592	96.5	8.837	26.6	0.612	4496.5	52.479	96.5	8.837	31.0	3.510
419	50	4.2	0.507	95.4	8.761	26.7	0.676	4498.3	52.458	95.4	8.761	30.5	3.457
420	50	4.4	0.555	94.0	8.738	26.8	0.759	4491.2	53.164	94.0	8.738	30.2	3.426
421	50	4.4	0.606	93.5	8.659	27.0	0.739	4473.3	53.007	93.5	8.659	30.0	3.359
422	50	4.0	0.531	92.8	8.750	27.0	0.710	4456.2	54.333	92.8	8.750	29.6	3.342
423	50	4.1	0.548	91.6	8.687	27.3	0.750	4449.4	54.114	91.6	8.687	29.2	3.322
424	50	4.0	0.472	90.4	8.734	27.3	0.757	4442.9	53.923	90.4	8.734	28.7	3.273
425	50	4.1	0.590	89.5	8.639	27.2	0.746	4431.2	54.821	89.5	8.639	28.4	3.226
426	50	3.8	0.521	88.6	8.651	27.4	0.692	4421.4	55.468	88.6	8.651	27.9	3.209
427	50	4.2	0.522	87.4	8.523	27.0	0.695	4403.8	57.842	87.4	8.523	27.4	3.085
428	50	4.4	0.540	86.0	8.427	26.8	0.652	4388.8	59.062	86.0	8.427	27.0	3.034
429	50	4.2	0.565	85.0	8.368	27.0	0.615	4387.3	58.581	85.0	8.368	26.8	3.001
430	50	4.1	0.596	84.3	8.349	27.1	0.741	4381.8	58.097	84.3	8.349	26.6	2.996
431	50	3.5	0.463	83.8	8.399	27.0	0.672	4369.3	58.415	83.8	8.399	26.5	3.021
432	50	3.9	0.565	83.2	8.354	26.9	0.525	4359.6	57.838	83.2	8.354	26.2	2.970
433	50	3.5	0.499	82.9	8.382	27.0	0.460	4357.7	59.315	82.9	8.382	26.1	2.972
434	50	4.0	0.569	81.1	8.341	27.1	0.458	4347.3	58.614	81.1	8.341	25.7	2.978
435	50	3.3	0.480	80.6	8.302	27.6	0.639	4336.8	58.922	80.6	8.302	25.4	2.955
436	50	3.4	0.491	79.4	8.178	27.9	0.673	4336.8	58.616	79.4	8.178	25.1	2.900
437	50	3.7	0.575	78.3	8.114	28.2	0.773	4337.4	56.710	78.3	8.114	24.8	2.906
438	50	3.4	0.483	77.2	8.131	28.5	0.849	4336.0	56.676	77.2	8.131	24.3	2.889
439	50	3.6	0.526	76.0	8.060	28.5	0.864	4326.3	56.311	76.0	8.060	23.9	2.868
440	50	3.3	0.533	74.9	7.937	28.8	0.985	4301.6	59.337	74.9	7.937	23.3	2.845
441	50	3.1	0.448	74.0	7.927	28.8	0.977	4306.3	59.491	74.0	7.927	22.9	2.780
442	50	3.1	0.512	72.9	7.849	29.1	1.063	4296.7	59.293	72.9	7.849	22.4	2.710
443	50	3.3	0.555	72.1	7.886	29.4	1.091	4288.0	58.050	72.1	7.886	22.0	2.715
444	50	3.1	0.540	71.2	7.973	29.7	1.117	4278.6	58.308	71.2	7.973	21.8	2.792
445	50	2.8	0.481	70.1	8.001	30.1	1.171	4278.1	58.313	70.1	8.001	21.4	2.784
446	50	3.2	0.506	69.2	7.986	30.4	1.185	4273.8	57.358	69.2	7.986	21.1	2.790
447	50	2.9	0.502	67.9	7.873	30.2	1.140	4265.7	58.549	67.9	7.873	20.6	2.746
448	49	2.9	0.543	68.0	7.889	30.2	1.176	4280.3	57.913	68.0	7.889	20.4	2.701
449	49	2.8	0.444	66.7	7.813	30.3	1.215	4273.0	60.352	66.7	7.813	20.1	2.681
450	49	3.0	0.476	65.7	7.721	30.5	1.248	4274.6	59.222	65.7	7.721	19.9	2.643
451	49	2.7	0.448	64.7	7.621	30.9	1.364	4265.0	59.359	64.7	7.621	19.7	2.628
452	49	2.7	0.436	63.2	7.510	31.2	1.448	4258.1	58.166	63.2	7.510	19.1	2.556
453	49	2.7	0.508	62.1	7.281	31.1	1.343	4251.8	57.694	62.1	7.281	18.7	2.464
454	49	2.2	0.422	61.3	7.209	31.4	1.372	4241.8	58.104	61.3	7.209	18.3	2.397
455	49	2.4	0.428	60.2	7.177	32.0	1.374	4239.7	57.504	60.2	7.177	17.9	2.401
456	49	2.2	0.404	59.3	7.165	32.4	1.415	4230.3	56.566	59.3	7.165	17.7	2.417
457	49	2.2	0.466	58.4	7.129	32.5	1.429	4228.2	56.664	58.4	7.129	17.4	2.388
458	49	2.1	0.394	57.4	7.144	32.6	1.430	4223.8	55.967	57.4	7.144	17.2	2.413
459	49	2.3	0.434	56.3	7.080	33.0	1.507	4225.4	56.493	56.3	7.080	16.7	2.370
460	49	2.2	0.420	55.7	6.983	33.1	1.536	4217.0	55.771	55.7	6.983	16.5	2.329
461	49	2.2	0.392	54.6	6.862	33.2	1.620	4216.8	55.201	54.6	6.862	16.1	2.282
462	49	2.1	0.387	53.9	6.825	33.0	1.549	4200.9	57.671	53.9	6.825	15.8	2.242
463	49	2.0	0.360	53.1	6.799	33.2	1.502	4193.0	58.536	53.1	6.799	15.8	2.268
464	49	2.1	0.374	51.9	6.653	33.3	1.505	4193.2	58.554	51.9	6.653	15.2	2.187
465	49	1.9	0.311	51.1	6.543	33.4	1.575	4187.5	58.141	51.1	6.543	14.9	2.150
466	49	2.7	0.456	50.3	6.446	32.9	1.560	4164.7	57.649	50.3	6.446	14.8	2.125
467	49	2.0	0.332	50.6	6.523	33.1	1.605	4150.2	58.132	50.6	6.523	14.7	2.119
468	49	2.5	0.484	49.6	6.424	33.5	1.714	4157.1	57.941	49.6	6.424	14.4	2.086
469	49	2.0	0.432	49.4	6.520	33.9	1.681	4149.3	57.900	49.4	6.520	14.4	2.159
470	48	2.2	0.393	49.2	6.482	33.2	1.500	4165.9	57.558	49.2	6.482	14.3	2.149
471	48	2.1	0.393	48.4	6.447	33.8	1.587	4156.3	57.909	48.4	6.447	14.2	2.149
472	47	1.9	0.334	48.6	6.463	33.5	1.487	4143.0	60.613	48.6	6.463	14.2	2.154
473	47	2.5	0.450	48.0	6.401	33.2	1.478	4137.0	61.399	48.0	6.401	14.2	2.171
474	47	1.8	0.389	47.5	6.419	33.7	1.565	4128.8	60.664	47.5	6.419	14.1	2.178
475	47	1.8	0.327	46.7	6.315	34.0	1.605	4123.6	59.172	46.7	6.315	13.9	2.147
476	47	1.9	0.377	46.2	6.325	34.2	1.669	4121.4	58.808	46.2	6.325	13.7	2.149
477	47	1.7	0.372	45.7	6.303	34.5	1.692	4121.6	59.675	45.7	6.303	13.6	2.141
478	47	1.9	0.374	44.7	6.066	34.8	1.824	4118.9	60.500	44.7	6.066	13.2	2.052
479	47	1.8	0.345	44.0	6.083	34.8	1.713	4105.9	59.910	44.0	6.083	12.9	2.056
480	47	2.0	0.357	43.3	5.960	34.3	1.748	4095.0	60.764	43.3	5.960	12.7	2.042
481	47	1.8	0.332	42.5	5.873	34.6	1.799	4089.2	62.286	42.5	5.873	12.7	2.022
482	47	1.8	0.345	41.6	5.717	33.8	1.709	4079.5	62.450	41.6	5.717	12.3	1.955
483	47	1.8	0.313	41.0	5.652	33.8	1.785	4070.3	61.965	41.0	5.652	12.1	1.948
484	47	2.3	0.424	40.0	5.523	33.2	1.674	4057.4	62.042	40.0	5.523	11.7	1.880
485	47	1.7	0.392	40.3	5.638	33.7	1.792	4044.2	62.201	40.3	5.638	11.8	1.901
486	47	1.7	0.354	39.9	5.680	34.1	1.891	4031.1	60.315	39.9	5.680	11.7	1.936
487	46	1.4	0.287	40.1	5.660	34.1	1.801	4038.7	60.023	40.1	5.660	11.8	1.945
488	46	1.7	0.321	39.3	5.547	34.4	1.941	4034.9	60.571	39.3	5.547	11.6	1.936
489	46	2.2	0.426	38.2	5.392	34.4	2.015	4027.1	60.610	38.2	5.392	11.2	1.862
490	46	1.7	0.377	38.5	5.456	35.3	2.159	4030.4	59.791	38.5	5.456	11.2	1.857
491	46	1.8	0.346	37.8	5.449	35.5	2.223	4015.6	59.414	37.8	5.449	10.9	1.839
492	46	1.2	0.230	37.4	5.376	35.0	2.248	4019.4	60.233	37.4	5.376	10.6	1.784
493	46	1.6	0.347	36.5	5.255	35.6	2.376	4027.7	59.096	36.5	5.255	10.2	1.754
494	46	1.7	0.363	35.7	5.126	35.7	2.359	4015.1	58.077	35.7	5.126	9.9	1.684
495	46	1.7	0.416	35.4	5.146	35.8	2.442	3993.4	59.442	35.4	5.146	9.8	1.663
496	46	1.3	0.245	35.1	5.217	35.9	2.472	3981.3	61.608	35.1	5.217	9.8	1.662
497	45	1.4	0.323	34.9	5.107	35.1	2.304	3952.0	63.948	34.9	5.107	9.7	1.629
498	45	1.3	0.314	34.2	5.064	35.8	2.385	3955.7	65.533	34.2	5.064	9.5	1.595
499	45	1.4	0.318	33.5	5.021	36.6	2.467	3959.5	65.482	33.5	5.021	9.2	1.562
500	45	1.5	0.345	33.1	5.014	36.4	2.452	3969.3	68.821	33.1	5.014	9.1	1.583
