Mating System: Maternal Dominant Sporophytic Self Incompatibility, with Distance-Dependent Pollination

Runs=50, Generations=500, Initial PopSize=250, Safe Sites=0.250, First Reproduction=2
Maximum Per-Capita Ovule Production=100.000, Seed Establishment=0.050, Deathrate=0.050
Pollen Dispersal Range=142, Seed Dispersal Range=50, SI Alleles=10, Neutral Alleles=3

GEN	NPOLL	ERR1	VPOLL	ERR2	SDS1	ERR3	VFSD1	ERR4	VMSD1	ERR5	SDS2	ERR6	VFSD2	ERR7	VMSD2	ERR8
0	.	.	.	.	.	.	.	.	.	.	.	.	.	.	.	.
1	0.838	0.012	0.187	0.007	8.017	0.117	14522.791	415.269	15.156	0.693	0.050	0.003	0.596	0.069	0.051	0.003
2	0.853	0.011	0.205	0.007	11.647	0.154	30477.625	795.491	34.063	1.304	0.068	0.002	1.073	0.076	0.072	0.003
3	0.858	0.011	0.229	0.007	14.956	0.195	50076.336	1340.745	62.712	2.171	0.087	0.003	1.744	0.104	0.093	0.004
4	0.849	0.012	0.244	0.008	17.855	0.245	72175.648	2029.854	102.567	3.185	0.099	0.004	2.362	0.191	0.105	0.004
5	0.832	0.012	0.269	0.008	20.073	0.262	94041.242	2685.558	157.855	3.740	0.109	0.003	2.856	0.150	0.120	0.003
6	0.815	0.012	0.286	0.007	22.006	0.297	117410.922	3563.161	222.352	4.598	0.113	0.003	3.178	0.187	0.127	0.004
7	0.795	0.013	0.297	0.007	23.596	0.339	141622.172	4550.197	295.393	5.476	0.114	0.004	3.380	0.199	0.129	0.005
8	0.784	0.014	0.311	0.008	24.856	0.367	164568.859	5569.304	375.123	6.242	0.118	0.004	3.901	0.256	0.139	0.006
9	0.764	0.014	0.318	0.007	25.914	0.392	187433.516	6643.083	460.841	6.906	0.121	0.004	4.233	0.270	0.142	0.005
10	0.755	0.015	0.316	0.007	26.867	0.430	212424.641	8226.162	545.508	8.331	0.117	0.003	4.164	0.237	0.140	0.004
11	0.756	0.018	0.312	0.008	27.931	0.517	242704.797	10417.371	618.042	10.599	0.118	0.003	4.326	0.211	0.144	0.005
12	0.739	0.018	0.319	0.009	28.491	0.525	265667.031	11548.926	706.537	11.822	0.113	0.003	4.223	0.257	0.141	0.005
13	0.718	0.018	0.320	0.007	28.892	0.551	288579.719	13141.795	794.722	11.993	0.115	0.003	4.589	0.253	0.143	0.005
14	0.706	0.017	0.318	0.006	29.434	0.544	312721.031	13755.883	878.857	12.449	0.107	0.003	4.036	0.183	0.136	0.004
15	0.695	0.017	0.316	0.007	29.892	0.605	339219.875	15672.055	959.319	13.067	0.107	0.002	4.360	0.207	0.138	0.004
16	0.686	0.017	0.321	0.007	30.266	0.647	363850.250	18051.236	1043.999	13.252	0.101	0.003	3.998	0.199	0.130	0.004
17	0.680	0.018	0.311	0.007	30.935	0.719	397234.812	20560.945	1115.856	13.878	0.100	0.003	4.093	0.200	0.135	0.005
18	0.679	0.018	0.318	0.007	31.434	0.763	426701.906	22676.637	1201.203	13.473	0.095	0.002	3.857	0.178	0.121	0.004
19	0.675	0.021	0.308	0.008	32.204	0.889	468438.188	27898.047	1273.810	15.329	0.096	0.003	4.075	0.210	0.125	0.004
20	0.686	0.023	0.298	0.010	33.371	1.029	523057.438	33477.234	1301.666	16.860	0.097	0.003	4.269	0.226	0.128	0.004
21	0.692	0.024	0.297	0.010	33.741	1.051	554141.938	36339.480	1312.265	17.933	0.092	0.002	3.964	0.187	0.118	0.003
22	0.686	0.025	0.293	0.010	33.687	1.086	573524.062	38560.648	1314.729	18.287	0.086	0.002	3.576	0.171	0.114	0.004
23	0.675	0.024	0.294	0.010	33.582	1.121	591586.375	41389.672	1319.699	18.561	0.087	0.003	3.887	0.259	0.112	0.005
24	0.706	0.024	0.287	0.010	35.129	1.117	661543.625	43692.406	1313.356	20.289	0.083	0.002	3.540	0.187	0.106	0.004
25	0.700	0.025	0.283	0.010	35.240	1.172	687430.062	46870.109	1310.419	21.200	0.079	0.002	3.235	0.134	0.099	0.003
26	0.702	0.026	0.277	0.011	35.698	1.265	728365.625	52537.781	1313.528	23.689	0.078	0.002	3.234	0.138	0.102	0.004
27	0.682	0.024	0.287	0.009	34.967	1.195	711175.688	50642.840	1334.318	22.635	0.074	0.002	3.043	0.162	0.094	0.003
28	0.674	0.024	0.290	0.008	34.978	1.234	728317.812	53550.820	1351.297	22.628	0.072	0.002	2.996	0.180	0.090	0.003
29	0.681	0.024	0.285	0.009	35.815	1.278	776472.750	57405.078	1360.973	23.980	0.074	0.002	3.161	0.173	0.095	0.004
30	0.702	0.026	0.272	0.010	37.345	1.373	860989.250	63845.348	1356.029	24.408	0.069	0.002	2.782	0.171	0.084	0.003
31	0.713	0.026	0.273	0.010	38.078	1.391	908958.812	65009.305	1370.554	23.714	0.067	0.002	2.639	0.131	0.085	0.003
32	0.706	0.025	0.276	0.009	38.109	1.378	922740.625	65954.234	1400.276	23.120	0.063	0.002	2.453	0.155	0.080	0.003
33	0.692	0.025	0.279	0.009	37.884	1.382	923215.625	67187.000	1420.531	23.567	0.066	0.002	2.615	0.143	0.082	0.003
34	0.694	0.024	0.284	0.009	38.485	1.400	957824.000	68678.211	1443.839	23.632	0.065	0.002	2.550	0.121	0.083	0.003
35	0.695	0.024	0.284	0.008	39.071	1.378	992360.500	68521.555	1468.029	23.580	0.065	0.002	2.636	0.146	0.081	0.003
36	0.708	0.025	0.273	0.010	40.371	1.419	1069726.125	71846.562	1468.896	25.772	0.062	0.002	2.410	0.126	0.076	0.003
37	0.710	0.025	0.274	0.010	40.533	1.436	1092805.625	73808.016	1482.636	26.352	0.063	0.002	2.485	0.118	0.077	0.002
38	0.704	0.026	0.271	0.010	40.818	1.489	1121809.500	77599.211	1496.877	26.427	0.060	0.001	2.270	0.117	0.074	0.002
39	0.691	0.025	0.275	0.009	40.640	1.504	1126809.625	79778.516	1522.021	27.004	0.062	0.002	2.487	0.151	0.075	0.003
40	0.688	0.025	0.278	0.009	40.705	1.547	1140303.250	82574.000	1533.282	26.959	0.059	0.001	2.226	0.097	0.073	0.002
41	0.685	0.024	0.278	0.009	40.975	1.501	1154052.375	81244.711	1560.223	26.567	0.058	0.001	2.126	0.089	0.072	0.002
42	0.693	0.023	0.280	0.009	41.354	1.478	1170906.625	79676.133	1561.403	27.468	0.058	0.001	2.161	0.121	0.069	0.002
43	0.696	0.024	0.276	0.009	41.861	1.526	1206659.625	82845.461	1570.938	27.581	0.057	0.002	2.188	0.129	0.071	0.002
44	0.693	0.024	0.277	0.008	42.131	1.544	1227245.625	83928.477	1584.993	27.393	0.057	0.001	2.092	0.111	0.070	0.003
45	0.687	0.023	0.284	0.008	41.681	1.519	1206289.000	83042.281	1603.876	27.237	0.054	0.002	1.961	0.114	0.067	0.003
46	0.686	0.023	0.286	0.007	41.865	1.512	1214868.000	82212.695	1614.991	26.468	0.057	0.001	2.098	0.110	0.068	0.002
47	0.683	0.023	0.284	0.008	42.116	1.522	1228225.000	83667.695	1623.638	27.934	0.057	0.002	2.139	0.120	0.070	0.002
48	0.674	0.023	0.295	0.008	41.420	1.539	1196337.250	85000.977	1639.549	27.721	0.055	0.002	2.039	0.142	0.067	0.003
49	0.677	0.023	0.286	0.009	42.122	1.583	1246905.500	89090.516	1644.514	29.754	0.054	0.002	1.954	0.120	0.064	0.002
50	0.665	0.023	0.287	0.008	41.713	1.574	1224043.500	88418.570	1660.459	29.587	0.057	0.001	2.108	0.107	0.070	0.002
51	0.692	0.025	0.281	0.011	43.215	1.636	1305785.875	91374.023	1633.980	33.962	0.054	0.001	1.922	0.104	0.066	0.002
52	0.698	0.025	0.279	0.011	43.548	1.676	1333116.125	94195.297	1637.386	34.806	0.056	0.001	2.081	0.118	0.068	0.002
53	0.682	0.026	0.275	0.009	43.298	1.683	1322081.625	94404.906	1652.444	34.840	0.054	0.001	1.953	0.108	0.066	0.002
54	0.667	0.025	0.283	0.009	42.420	1.655	1274064.000	93028.180	1676.018	33.112	0.054	0.002	2.041	0.142	0.067	0.002
55	0.667	0.023	0.289	0.008	42.419	1.605	1269558.375	91684.625	1688.999	32.482	0.052	0.001	1.799	0.100	0.062	0.002
56	0.666	0.023	0.292	0.008	42.237	1.562	1252016.875	87391.492	1699.790	32.116	0.053	0.002	1.884	0.118	0.064	0.003
57	0.669	0.023	0.294	0.007	42.117	1.542	1239827.625	86241.203	1696.770	30.913	0.052	0.001	1.807	0.105	0.063	0.002
58	0.670	0.022	0.294	0.008	42.447	1.478	1244232.000	84072.320	1707.278	30.149	0.052	0.002	1.813	0.126	0.062	0.003
59	0.664	0.021	0.297	0.008	42.186	1.473	1228868.625	84121.219	1715.603	29.787	0.055	0.001	1.945	0.099	0.067	0.002
60	0.668	0.022	0.299	0.009	42.200	1.488	1231837.750	86351.164	1711.224	29.161	0.051	0.002	1.695	0.100	0.062	0.003
61	0.658	0.021	0.303	0.009	41.900	1.344	1192432.750	82771.203	1739.137	23.170	0.052	0.001	1.707	0.081	0.061	0.002
62	0.662	0.022	0.307	0.009	41.995	1.383	1192918.750	84152.211	1741.289	23.905	0.052	0.001	1.723	0.086	0.064	0.002
63	0.660	0.022	0.301	0.010	41.937	1.424	1190831.000	86362.922	1735.913	22.951	0.052	0.002	1.730	0.104	0.065	0.003
64	0.664	0.022	0.309	0.009	42.060	1.423	1190863.750	84934.086	1742.625	22.789	0.053	0.001	1.822	0.109	0.065	0.002
65	0.668	0.022	0.298	0.008	42.354	1.429	1203856.000	84176.109	1735.835	21.831	0.053	0.002	1.786	0.106	0.064	0.003
66	0.664	0.022	0.306	0.008	41.999	1.419	1182729.125	83031.625	1741.217	21.380	0.053	0.002	1.764	0.088	0.064	0.002
67	0.665	0.022	0.304	0.008	42.014	1.419	1181086.250	82065.875	1740.526	21.583	0.051	0.001	1.707	0.097	0.062	0.002
68	0.666	0.022	0.308	0.007	41.849	1.435	1172416.375	82832.555	1742.959	21.559	0.051	0.001	1.704	0.106	0.063	0.002
69	0.662	0.022	0.306	0.008	41.748	1.430	1165914.125	81966.609	1742.937	21.325	0.053	0.002	1.772	0.100	0.063	0.002
70	0.676	0.021	0.303	0.010	42.564	1.435	1092289.625	111455.047	1732.230	24.443	0.053	0.001	1.740	0.090	0.065	0.002
71	0.678	0.022	0.304	0.009	42.809	1.442	1108026.750	110995.203	1733.357	24.680	0.050	0.001	1.582	0.092	0.059	0.003
72	0.668	0.021	0.303	0.009	42.494	1.442	1090324.125	107719.836	1740.115	24.626	0.052	0.001	1.764	0.101	0.064	0.002
73	0.659	0.022	0.304	0.009	41.899	1.506	1061756.375	111944.992	1729.248	26.648	0.051	0.001	1.643	0.090	0.061	0.002
74	0.664	0.023	0.307	0.010	41.992	1.532	1066281.625	113691.766	1726.332	27.385	0.052	0.002	1.735	0.113	0.064	0.002
75	0.674	0.024	0.297	0.010	42.577	1.551	1075483.250	115060.773	1715.143	29.912	0.049	0.001	1.483	0.085	0.060	0.002
76	0.683	0.025	0.289	0.011	43.608	1.576	1125830.625	117604.234	1714.170	28.705	0.050	0.002	1.592	0.119	0.060	0.002
77	0.686	0.024	0.295	0.010	43.696	1.540	1118744.500	115886.617	1721.189	27.462	0.052	0.001	1.669	0.082	0.063	0.002
78	0.700	0.024	0.295	0.011	44.243	1.559	1253625.875	88413.398	1716.109	28.053	0.054	0.002	1.768	0.102	0.066	0.003
79	0.701	0.023	0.295	0.011	44.192	1.553	1249995.250	88323.430	1713.889	27.001	0.049	0.001	1.493	0.086	0.057	0.002
80	0.693	0.023	0.293	0.011	43.798	1.543	1225607.875	87884.703	1716.845	25.723	0.053	0.002	1.733	0.119	0.065	0.003
81	0.713	0.023	0.289	0.011	44.991	1.526	1279053.000	88872.141	1710.547	27.898	0.053	0.001	1.702	0.097	0.065	0.002
82	0.707	0.023	0.293	0.011	44.440	1.516	1250258.125	89171.836	1714.639	26.532	0.051	0.002	1.612	0.123	0.060	0.003
83	0.714	0.023	0.293	0.011	44.757	1.486	1146308.000	114456.070	1716.597	26.748	0.052	0.002	1.624	0.096	0.063	0.003
84	0.711	0.022	0.296	0.010	44.589	1.427	1130042.250	113439.609	1723.699	26.595	0.052	0.001	1.579	0.086	0.062	0.002
85	0.707	0.021	0.295	0.010	44.507	1.422	1238878.750	85188.102	1726.240	26.126	0.051	0.001	1.561	0.083	0.061	0.002
86	0.701	0.020	0.309	0.009	43.456	1.346	1060229.875	108927.617	1736.154	25.590	0.047	0.001	1.378	0.088	0.055	0.002
87	0.689	0.020	0.308	0.009	43.140	1.350	1040114.500	108138.664	1744.474	25.487	0.050	0.001	1.483	0.083	0.059	0.002
88	0.684	0.020	0.308	0.008	42.949	1.332	1019046.750	105819.562	1755.416	25.039	0.048	0.001	1.374	0.096	0.057	0.002
89	0.684	0.020	0.311	0.008	43.135	1.329	1136173.500	78983.289	1764.087	24.572	0.049	0.001	1.450	0.086	0.058	0.002
90	0.680	0.019	0.317	0.008	42.950	1.307	1115681.750	77287.172	1776.285	23.862	0.050	0.002	1.508	0.095	0.059	0.002
91	0.676	0.021	0.310	0.010	42.933	1.426	1113990.000	81201.039	1758.567	26.347	0.051	0.001	1.509	0.087	0.062	0.002
92	0.687	0.023	0.302	0.011	43.333	1.505	1138992.500	85763.062	1738.786	28.470	0.051	0.001	1.466	0.082	0.059	0.002
93	0.697	0.023	0.300	0.011	44.007	1.540	1176329.500	88430.023	1737.212	27.500	0.050	0.002	1.421	0.088	0.058	0.002
94	0.700	0.023	0.301	0.011	44.205	1.494	1170628.750	85422.578	1746.038	26.822	0.049	0.001	1.407	0.088	0.058	0.002
95	0.706	0.024	0.299	0.010	44.493	1.541	1181653.375	85376.266	1736.712	26.940	0.050	0.001	1.412	0.079	0.061	0.002
96	0.703	0.023	0.301	0.010	44.263	1.526	1160476.250	83364.750	1741.637	26.434	0.050	0.001	1.419	0.079	0.061	0.002
97	0.709	0.024	0.295	0.010	44.809	1.582	1180806.125	85407.188	1734.962	29.077	0.049	0.001	1.358	0.067	0.060	0.002
98	0.700	0.022	0.304	0.010	44.145	1.498	1140579.250	80987.875	1753.677	24.688	0.050	0.001	1.435	0.077	0.062	0.002
99	0.714	0.021	0.306	0.009	45.118	1.391	1175555.375	78209.414	1763.201	24.081	0.050	0.001	1.372	0.077	0.060	0.002
100	0.707	0.021	0.306	0.009	44.706	1.397	1148867.250	77384.398	1766.237	23.765	0.049	0.001	1.342	0.083	0.058	0.002
101	0.704	0.020	0.310	0.009	44.440	1.408	1130139.875	77398.523	1771.579	22.842	0.052	0.001	1.486	0.081	0.063	0.002
102	0.699	0.020	0.316	0.009	44.079	1.436	1110685.750	77864.180	1775.226	22.501	0.052	0.001	1.497	0.088	0.064	0.002
103	0.689	0.020	0.315	0.009	43.675	1.399	1086799.625	75768.914	1788.116	21.433	0.047	0.001	1.205	0.073	0.056	0.002
104	0.691	0.020	0.313	0.009	43.458	1.367	1067016.500	73248.180	1790.925	20.855	0.050	0.001	1.395	0.089	0.061	0.002
105	0.679	0.019	0.317	0.009	42.802	1.374	1030294.375	73023.398	1785.786	20.799	0.048	0.001	1.265	0.081	0.060	0.003
106	0.675	0.020	0.320	0.008	42.407	1.359	1008182.062	71491.172	1791.663	19.622	0.047	0.002	1.268	0.097	0.057	0.003
107	0.673	0.020	0.320	0.008	42.226	1.353	996950.062	71579.523	1794.106	19.459	0.048	0.001	1.268	0.073	0.058	0.002
108	0.671	0.019	0.325	0.008	41.984	1.351	980087.438	71028.797	1801.624	19.249	0.049	0.002	1.320	0.086	0.058	0.002
109	0.659	0.020	0.327	0.008	41.105	1.368	934151.438	69432.547	1792.967	21.616	0.049	0.002	1.303	0.081	0.059	0.002
110	0.679	0.022	0.323	0.009	42.584	1.401	1009105.625	76453.430	1795.208	23.448	0.047	0.002	1.217	0.095	0.056	0.002
111	0.689	0.024	0.317	0.010	43.236	1.549	1036399.375	80003.398	1762.690	28.242	0.047	0.001	1.219	0.090	0.057	0.002
112	0.695	0.025	0.319	0.010	43.350	1.601	1036602.750	80367.336	1747.621	29.201	0.049	0.002	1.269	0.079	0.061	0.003
113	0.684	0.024	0.325	0.010	42.790	1.569	997119.812	75062.758	1758.476	26.725	0.048	0.001	1.209	0.074	0.059	0.002
114	0.688	0.023	0.322	0.010	43.136	1.576	1012839.812	77915.008	1759.874	26.024	0.048	0.001	1.236	0.085	0.058	0.002
115	0.683	0.023	0.327	0.011	42.770	1.578	992231.500	76915.219	1763.449	25.984	0.048	0.001	1.223	0.075	0.058	0.003
116	0.684	0.024	0.322	0.010	42.991	1.562	992977.500	74831.914	1764.765	25.752	0.049	0.001	1.280	0.083	0.059	0.002
117	0.693	0.024	0.324	0.010	43.118	1.602	996437.812	76834.906	1751.975	24.979	0.049	0.002	1.245	0.096	0.056	0.002
118	0.695	0.024	0.323	0.010	43.187	1.642	998721.062	77514.680	1746.249	25.585	0.047	0.002	1.160	0.078	0.056	0.002
119	0.690	0.024	0.327	0.010	43.033	1.632	988274.812	76907.023	1751.335	25.323	0.048	0.002	1.204	0.081	0.060	0.003
120	0.683	0.024	0.333	0.009	42.012	1.635	939681.750	75649.734	1750.197	25.449	0.049	0.002	1.242	0.089	0.059	0.002
121	0.678	0.022	0.327	0.009	41.672	1.582	913994.938	73919.789	1756.765	25.948	0.051	0.002	1.326	0.092	0.060	0.002
122	0.674	0.022	0.322	0.010	41.321	1.585	897962.750	74350.555	1750.121	26.101	0.047	0.002	1.188	0.118	0.057	0.003
123	0.674	0.021	0.326	0.010	41.407	1.522	892812.250	72274.117	1763.010	24.820	0.047	0.002	1.149	0.087	0.057	0.003
124	0.679	0.022	0.326	0.009	41.717	1.538	896217.188	70848.031	1757.413	24.175	0.050	0.002	1.257	0.093	0.062	0.003
125	0.677	0.023	0.324	0.008	41.730	1.541	884172.938	68146.164	1752.956	25.125	0.049	0.002	1.171	0.075	0.061	0.003
126	0.675	0.022	0.332	0.009	41.493	1.560	872338.562	68442.359	1756.144	25.844	0.048	0.002	1.137	0.092	0.059	0.003
127	0.671	0.022	0.328	0.009	41.209	1.500	857212.250	65852.352	1758.883	24.855	0.047	0.002	1.117	0.084	0.058	0.003
128	0.673	0.022	0.325	0.009	41.056	1.504	847040.562	64839.586	1749.861	25.196	0.048	0.002	1.126	0.074	0.058	0.003
129	0.675	0.022	0.326	0.008	41.224	1.513	848963.125	64635.523	1755.229	24.570	0.045	0.002	0.988	0.070	0.054	0.002
130	0.668	0.021	0.331	0.008	40.313	1.482	804879.438	61267.152	1753.198	24.661	0.046	0.002	1.065	0.077	0.059	0.003
131	0.662	0.021	0.336	0.009	40.037	1.448	788319.438	59298.398	1764.838	23.375	0.047	0.002	1.096	0.076	0.058	0.003
132	0.680	0.023	0.325	0.009	41.187	1.611	837941.812	66825.820	1737.867	24.757	0.047	0.002	1.073	0.090	0.055	0.002
133	0.679	0.023	0.325	0.010	40.472	1.645	809760.000	67185.227	1723.401	25.461	0.048	0.002	1.125	0.090	0.060	0.003
134	0.666	0.021	0.334	0.007	39.781	1.483	767710.875	56793.957	1744.562	21.364	0.046	0.002	1.011	0.071	0.056	0.003
135	0.661	0.021	0.335	0.007	39.270	1.462	744396.312	56257.637	1743.752	21.992	0.048	0.002	1.050	0.074	0.057	0.002
136	0.671	0.021	0.336	0.007	39.683	1.430	748962.500	54282.828	1745.123	21.328	0.047	0.002	1.070	0.095	0.056	0.003
137	0.668	0.021	0.344	0.008	39.506	1.426	737703.500	53992.484	1746.712	20.889	0.048	0.002	1.040	0.069	0.059	0.003
138	0.676	0.023	0.346	0.007	40.212	1.515	748722.812	53309.012	1743.867	21.400	0.047	0.002	1.003	0.074	0.055	0.003
139	0.666	0.022	0.349	0.007	39.575	1.461	723248.812	51797.547	1752.190	21.903	0.047	0.002	1.033	0.081	0.057	0.003
140	0.661	0.021	0.349	0.007	39.349	1.403	707917.375	50016.266	1760.877	22.291	0.046	0.002	0.971	0.079	0.056	0.002
141	0.659	0.020	0.351	0.007	39.331	1.354	697857.375	48526.453	1772.716	20.352	0.046	0.002	0.921	0.060	0.055	0.003
142	0.671	0.021	0.349	0.008	39.688	1.431	710047.375	51414.215	1765.139	21.797	0.046	0.002	0.974	0.086	0.052	0.003
143	0.677	0.023	0.349	0.009	40.041	1.500	724329.438	55385.602	1760.848	23.036	0.051	0.002	1.138	0.093	0.065	0.004
144	0.676	0.022	0.355	0.010	39.792	1.473	713252.812	54979.934	1768.080	22.971	0.045	0.002	0.910	0.071	0.054	0.003
145	0.672	0.022	0.355	0.009	39.468	1.490	704151.438	55177.938	1759.566	22.928	0.047	0.002	0.980	0.075	0.058	0.003
146	0.684	0.021	0.361	0.009	40.328	1.395	716707.750	52685.121	1783.186	21.604	0.045	0.002	0.895	0.070	0.055	0.003
147	0.682	0.022	0.364	0.009	40.049	1.385	701204.375	50992.508	1790.619	22.399	0.047	0.001	0.955	0.069	0.058	0.002
148	0.689	0.024	0.360	0.010	40.688	1.497	710583.500	51197.699	1781.325	26.442	0.047	0.002	0.972	0.069	0.059	0.003
149	0.702	0.025	0.367	0.010	41.490	1.539	733448.562	52220.867	1772.896	27.628	0.050	0.002	1.070	0.075	0.063	0.003
150	0.717	0.027	0.369	0.012	42.310	1.685	770298.750	62315.371	1751.682	32.284	0.049	0.002	1.039	0.083	0.060	0.003
151	0.706	0.027	0.363	0.012	41.638	1.624	741502.875	59077.410	1754.360	30.594	0.047	0.002	0.925	0.066	0.055	0.002
152	0.699	0.025	0.366	0.012	41.155	1.593	720047.500	57843.090	1762.006	29.755	0.048	0.002	0.989	0.075	0.058	0.003
153	0.708	0.028	0.352	0.013	41.961	1.766	749586.812	60723.770	1728.926	35.087	0.046	0.002	0.928	0.082	0.055	0.003
154	0.712	0.028	0.355	0.014	42.025	1.807	750390.625	62331.195	1718.564	34.596	0.047	0.002	0.925	0.078	0.055	0.003
155	0.712	0.028	0.345	0.013	42.255	1.806	752592.062	61636.469	1714.370	34.300	0.046	0.002	0.924	0.087	0.058	0.003
156	0.705	0.029	0.351	0.013	41.673	1.835	732942.312	61442.457	1714.222	34.366	0.045	0.002	0.914	0.097	0.055	0.003
157	0.709	0.028	0.342	0.013	41.895	1.807	728781.125	60339.340	1712.482	33.700	0.049	0.002	0.993	0.078	0.061	0.004
158	0.734	0.030	0.338	0.013	43.665	1.792	766222.938	58704.137	1714.603	34.466	0.048	0.002	0.942	0.073	0.059	0.003
159	0.733	0.029	0.338	0.014	43.701	1.792	770984.938	59714.609	1716.957	34.780	0.047	0.002	0.864	0.059	0.055	0.002
160	0.728	0.028	0.344	0.014	42.838	1.781	741487.500	59238.734	1713.462	34.305	0.049	0.002	0.974	0.080	0.060	0.003
161	0.717	0.027	0.349	0.013	42.258	1.734	720970.000	58848.645	1724.595	32.913	0.044	0.002	0.793	0.070	0.052	0.003
162	0.710	0.027	0.354	0.013	41.780	1.687	700897.750	57179.707	1736.291	32.213	0.046	0.002	0.864	0.086	0.056	0.003
163	0.717	0.028	0.354	0.013	42.059	1.706	705241.750	57491.121	1719.953	31.760	0.046	0.002	0.834	0.076	0.054	0.003
164	0.715	0.027	0.360	0.013	41.866	1.680	693372.875	56331.887	1726.197	31.062	0.047	0.002	0.911	0.094	0.057	0.003
165	0.706	0.027	0.360	0.012	41.299	1.647	670681.625	54830.867	1736.506	30.526	0.047	0.002	0.860	0.070	0.058	0.003
166	0.705	0.027	0.365	0.012	41.141	1.634	658281.375	53651.375	1738.468	29.795	0.049	0.002	0.930	0.076	0.060	0.003
167	0.704	0.026	0.371	0.011	40.463	1.755	644695.062	54813.668	1721.311	35.352	0.046	0.002	0.806	0.059	0.058	0.003
168	0.715	0.026	0.370	0.013	41.040	1.746	670466.438	61535.137	1724.621	36.012	0.046	0.002	0.805	0.072	0.057	0.003
169	0.714	0.026	0.369	0.012	41.058	1.754	668476.625	61144.145	1721.260	35.358	0.046	0.002	0.845	0.075	0.056	0.003
170	0.713	0.026	0.371	0.012	40.403	1.694	646254.250	59374.250	1727.660	34.418	0.043	0.002	0.728	0.067	0.052	0.003
171	0.698	0.026	0.368	0.012	39.701	1.724	628776.938	59513.035	1721.297	34.690	0.045	0.002	0.786	0.087	0.055	0.003
172	0.701	0.024	0.377	0.012	39.746	1.697	622163.000	58322.016	1728.708	35.270	0.045	0.002	0.800	0.085	0.057	0.003
173	0.720	0.026	0.371	0.012	41.384	1.729	647345.500	57932.148	1722.148	30.809	0.045	0.002	0.755	0.073	0.054	0.003
174	0.727	0.028	0.372	0.014	41.514	1.761	640573.500	56250.516	1714.495	31.845	0.048	0.002	0.848	0.082	0.056	0.003
175	0.727	0.028	0.382	0.014	41.136	1.725	622981.500	55227.102	1724.371	30.951	0.046	0.002	0.797	0.063	0.055	0.003
176	0.722	0.029	0.390	0.014	41.094	1.703	618876.188	54755.496	1742.889	29.110	0.046	0.002	0.768	0.071	0.054	0.003
177	0.718	0.029	0.391	0.014	40.176	1.682	588384.000	53462.555	1742.467	29.139	0.045	0.002	0.747	0.068	0.058	0.003
178	0.728	0.028	0.384	0.014	41.394	1.688	610647.250	52032.824	1748.481	29.140	0.043	0.002	0.668	0.062	0.053	0.003
179	0.719	0.026	0.375	0.014	41.210	1.684	601623.188	51791.340	1754.591	29.719	0.047	0.002	0.771	0.066	0.055	0.003
180	0.722	0.026	0.373	0.013	41.121	1.676	586352.500	46759.695	1750.492	30.375	0.047	0.002	0.747	0.069	0.056	0.002
181	0.733	0.026	0.386	0.014	41.208	1.628	584090.500	46794.453	1754.860	31.763	0.050	0.002	0.881	0.084	0.060	0.003
182	0.732	0.026	0.396	0.013	40.832	1.631	574398.750	47184.812	1754.543	32.322	0.042	0.002	0.628	0.057	0.051	0.003
183	0.728	0.026	0.391	0.015	40.478	1.625	563250.562	46415.645	1753.930	32.795	0.046	0.002	0.749	0.071	0.056	0.003
184	0.725	0.025	0.394	0.014	40.320	1.597	553171.062	45200.625	1753.455	34.142	0.043	0.002	0.662	0.067	0.051	0.003
185	0.726	0.025	0.410	0.015	39.612	1.564	529254.688	43670.016	1751.217	34.364	0.045	0.002	0.694	0.072	0.057	0.003
186	0.725	0.026	0.396	0.016	40.099	1.643	542558.375	47513.586	1739.529	36.608	0.043	0.002	0.633	0.068	0.050	0.003
187	0.719	0.026	0.403	0.016	39.318	1.668	523119.906	47147.008	1727.157	37.414	0.043	0.002	0.643	0.061	0.052	0.004
188	0.714	0.026	0.397	0.015	38.843	1.681	508536.969	46980.859	1720.489	37.557	0.044	0.002	0.621	0.052	0.053	0.003
189	0.735	0.024	0.407	0.017	40.485	1.489	527971.500	44865.191	1761.356	27.499	0.045	0.002	0.679	0.077	0.051	0.003
190	0.733	0.022	0.407	0.017	40.569	1.530	533666.312	50612.402	1757.935	27.318	0.045	0.002	0.680	0.067	0.054	0.003
191	0.735	0.024	0.405	0.017	40.869	1.574	540660.688	51670.336	1753.064	27.892	0.043	0.003	0.639	0.077	0.055	0.005
192	0.726	0.024	0.401	0.018	40.399	1.632	532695.875	52863.098	1748.182	29.370	0.041	0.002	0.551	0.058	0.050	0.003
193	0.735	0.025	0.392	0.018	40.744	1.619	537997.438	53116.766	1753.635	29.374	0.042	0.002	0.579	0.058	0.053	0.003
194	0.742	0.024	0.405	0.018	40.739	1.611	529298.062	51957.879	1758.369	28.336	0.043	0.002	0.637	0.069	0.052	0.003
195	0.735	0.022	0.421	0.017	39.529	1.609	496295.188	50710.363	1761.532	27.269	0.044	0.002	0.661	0.082	0.052	0.003
196	0.738	0.022	0.413	0.017	40.073	1.559	499622.438	49296.039	1781.861	26.694	0.044	0.002	0.601	0.062	0.052	0.003
197	0.735	0.023	0.403	0.017	40.340	1.648	506849.000	51416.051	1769.634	28.654	0.042	0.002	0.566	0.059	0.051	0.003
198	0.732	0.025	0.410	0.019	39.683	1.733	484174.438	49671.883	1741.721	31.648	0.045	0.002	0.586	0.057	0.055	0.004
199	0.741	0.025	0.417	0.017	40.028	1.777	489750.875	50248.914	1717.878	34.760	0.047	0.002	0.630	0.055	0.058	0.003
200	0.761	0.026	0.411	0.018	41.585	1.769	510494.031	49965.586	1726.285	32.953	0.047	0.002	0.683	0.080	0.059	0.004
201	0.781	0.028	0.420	0.018	42.593	1.717	520273.688	49097.645	1744.048	32.192	0.050	0.002	0.706	0.064	0.060	0.003
202	0.776	0.026	0.424	0.016	42.085	1.499	497244.594	44823.504	1782.978	27.600	0.046	0.002	0.627	0.062	0.053	0.003
203	0.762	0.025	0.419	0.017	41.398	1.457	480935.125	43929.734	1790.098	26.008	0.048	0.003	0.702	0.067	0.059	0.004
204	0.759	0.025	0.424	0.016	40.665	1.494	466012.375	43515.293	1779.892	25.871	0.043	0.002	0.584	0.062	0.056	0.004
205	0.757	0.024	0.421	0.017	39.965	1.431	448213.969	41472.613	1783.695	24.891	0.045	0.002	0.584	0.063	0.058	0.004
206	0.752	0.023	0.416	0.016	39.903	1.352	442124.188	40041.598	1791.097	23.498	0.046	0.003	0.609	0.062	0.055	0.004
207	0.751	0.024	0.422	0.016	39.294	1.291	421097.469	36824.918	1796.885	23.094	0.043	0.002	0.522	0.055	0.050	0.003
208	0.753	0.023	0.421	0.015	38.924	1.236	411283.906	36611.301	1797.208	22.168	0.043	0.002	0.565	0.080	0.052	0.003
209	0.755	0.024	0.434	0.018	39.650	1.337	423925.875	39428.926	1795.980	21.414	0.044	0.002	0.549	0.056	0.051	0.003
210	0.768	0.025	0.422	0.014	40.009	1.385	425290.812	39153.836	1795.574	20.971	0.042	0.002	0.507	0.054	0.052	0.004
211	0.771	0.026	0.429	0.015	39.958	1.444	420554.125	39136.383	1782.865	21.616	0.044	0.002	0.549	0.061	0.053	0.004
212	0.754	0.027	0.432	0.016	38.993	1.447	399101.688	38303.590	1781.363	22.314	0.044	0.002	0.520	0.065	0.055	0.004
213	0.762	0.029	0.426	0.014	39.678	1.498	409332.750	39573.793	1768.423	23.857	0.045	0.002	0.558	0.066	0.055	0.004
214	0.764	0.029	0.425	0.014	39.676	1.488	405218.000	39266.992	1773.648	23.792	0.046	0.002	0.599	0.063	0.056	0.004
215	0.756	0.028	0.436	0.015	39.246	1.471	394159.812	38786.730	1776.928	24.551	0.045	0.002	0.553	0.057	0.051	0.003
216	0.757	0.028	0.442	0.016	38.994	1.573	393618.406	39248.969	1755.865	32.094	0.042	0.003	0.468	0.050	0.051	0.005
217	0.757	0.029	0.419	0.016	39.048	1.673	396358.875	40124.266	1736.336	34.582	0.045	0.002	0.515	0.049	0.054	0.003
218	0.761	0.027	0.426	0.016	38.902	1.659	390940.688	39870.387	1738.887	34.163	0.044	0.002	0.520	0.056	0.051	0.003
219	0.766	0.028	0.424	0.017	38.709	1.670	385354.750	39969.699	1728.784	33.536	0.044	0.002	0.517	0.057	0.057	0.004
220	0.760	0.026	0.414	0.015	38.627	1.633	379125.375	38984.262	1737.371	31.971	0.045	0.003	0.598	0.082	0.056	0.005
221	0.756	0.026	0.408	0.018	39.313	1.745	384911.375	38033.535	1718.552	32.157	0.042	0.002	0.460	0.050	0.050	0.003
222	0.762	0.026	0.410	0.017	38.952	1.706	376032.281	36961.934	1716.646	32.546	0.039	0.002	0.408	0.043	0.046	0.003
223	0.753	0.027	0.410	0.016	38.926	1.691	372648.719	36945.938	1723.697	32.030	0.045	0.002	0.496	0.050	0.057	0.006
224	0.757	0.025	0.427	0.015	38.178	1.657	360443.031	37308.242	1723.718	30.124	0.041	0.002	0.417	0.046	0.049	0.003
225	0.757	0.026	0.442	0.017	38.458	1.605	355347.000	35814.742	1736.352	28.827	0.044	0.003	0.496	0.063	0.054	0.006
226	0.742	0.025	0.446	0.015	37.740	1.550	342059.719	34964.605	1736.016	29.882	0.040	0.003	0.438	0.056	0.046	0.004
227	0.749	0.028	0.433	0.017	38.544	1.628	344285.594	34047.453	1736.552	31.105	0.040	0.003	0.432	0.061	0.050	0.005
228	0.755	0.028	0.433	0.019	38.663	1.674	336495.000	32315.590	1734.538	32.754	0.042	0.003	0.442	0.053	0.052	0.004
229	0.762	0.028	0.437	0.017	39.491	1.617	345537.562	32437.227	1759.926	32.226	0.040	0.003	0.385	0.041	0.048	0.004
230	0.782	0.029	0.439	0.017	39.984	1.635	354814.188	34822.184	1760.808	31.407	0.046	0.003	0.489	0.058	0.059	0.006
231	0.775	0.029	0.441	0.016	39.841	1.628	349024.719	34150.625	1765.150	29.894	0.042	0.003	0.460	0.067	0.051	0.005
232	0.766	0.027	0.445	0.017	39.296	1.575	339612.875	34022.328	1779.701	29.601	0.044	0.002	0.421	0.040	0.055	0.004
233	0.767	0.026	0.457	0.018	38.790	1.540	331795.188	33840.270	1780.987	29.735	0.039	0.003	0.385	0.048	0.046	0.004
234	0.764	0.025	0.452	0.018	38.389	1.526	321385.719	33082.410	1781.537	29.549	0.041	0.003	0.429	0.054	0.047	0.004
235	0.759	0.026	0.461	0.017	38.273	1.508	316610.500	33209.121	1791.341	28.168	0.040	0.003	0.427	0.057	0.048	0.004
236	0.747	0.027	0.472	0.020	37.716	1.485	302360.531	32789.621	1795.376	28.402	0.041	0.002	0.394	0.046	0.052	0.004
237	0.751	0.027	0.475	0.019	37.618	1.466	295258.750	31934.502	1802.588	27.842	0.040	0.002	0.356	0.046	0.046	0.003
238	0.754	0.027	0.474	0.018	37.088	1.475	283270.156	31017.695	1788.219	27.160	0.039	0.003	0.352	0.040	0.048	0.004
239	0.758	0.027	0.488	0.021	37.133	1.397	277024.125	29354.754	1808.964	27.753	0.040	0.003	0.397	0.057	0.057	0.011
240	0.769	0.028	0.468	0.020	38.656	1.571	289210.125	28699.412	1808.062	27.822	0.039	0.003	0.326	0.038	0.050	0.004
241	0.763	0.031	0.474	0.019	38.318	1.742	283061.688	28383.127	1779.065	33.186	0.043	0.002	0.365	0.037	0.051	0.004
242	0.771	0.030	0.477	0.021	38.538	1.695	278422.750	27157.984	1790.134	32.721	0.037	0.003	0.303	0.041	0.043	0.004
243	0.766	0.031	0.482	0.021	37.841	1.692	263214.812	24908.676	1784.387	31.600	0.041	0.003	0.321	0.039	0.049	0.004
244	0.762	0.031	0.478	0.021	37.313	1.712	253343.953	24175.496	1772.773	32.645	0.042	0.003	0.381	0.049	0.054	0.005
245	0.759	0.029	0.483	0.022	36.713	1.550	246307.734	23620.213	1791.450	34.087	0.037	0.003	0.320	0.047	0.045	0.004
246	0.773	0.030	0.473	0.023	37.619	1.535	244778.141	22812.500	1808.935	30.425	0.037	0.003	0.319	0.049	0.046	0.004
247	0.763	0.030	0.468	0.024	36.951	1.597	238948.359	23641.410	1787.771	33.065	0.032	0.003	0.249	0.033	0.040	0.004
248	0.771	0.032	0.450	0.022	37.032	1.595	239757.859	24439.211	1781.757	33.284	0.039	0.003	0.290	0.039	0.048	0.004
249	0.774	0.029	0.436	0.021	38.132	1.800	244101.141	24619.719	1765.286	33.833	0.040	0.002	0.323	0.042	0.047	0.003
250	0.765	0.029	0.441	0.022	37.841	1.729	240150.203	24320.752	1776.797	35.165	0.039	0.003	0.358	0.061	0.047	0.004
251	0.768	0.028	0.452	0.023	37.913	1.648	235123.203	23294.311	1789.438	32.030	0.040	0.003	0.323	0.039	0.048	0.004
252	0.756	0.029	0.449	0.024	37.274	1.730	223099.844	22849.270	1775.763	36.162	0.038	0.002	0.253	0.029	0.050	0.005
253	0.776	0.027	0.455	0.024	37.642	1.681	226146.453	23037.721	1769.794	37.377	0.039	0.003	0.307	0.053	0.046	0.004
254	0.779	0.028	0.457	0.024	37.509	1.710	221828.125	22694.799	1763.295	37.721	0.039	0.003	0.306	0.045	0.046	0.005
255	0.764	0.028	0.471	0.026	36.814	1.712	212743.516	22619.400	1757.982	37.802	0.038	0.003	0.284	0.043	0.042	0.004
256	0.785	0.028	0.456	0.025	36.562	1.641	206079.484	21834.568	1752.169	36.891	0.036	0.003	0.261	0.038	0.044	0.004
257	0.775	0.028	0.444	0.024	36.904	1.744	213978.641	26795.617	1733.864	38.448	0.040	0.003	0.329	0.047	0.050	0.005
258	0.792	0.030	0.464	0.026	37.309	1.767	213822.766	26585.994	1737.022	38.842	0.037	0.003	0.268	0.035	0.044	0.004
259	0.802	0.033	0.461	0.026	38.457	1.822	218900.094	26521.758	1748.469	38.359	0.040	0.003	0.289	0.048	0.052	0.006
260	0.806	0.034	0.479	0.027	37.970	1.856	210706.562	26284.469	1741.545	41.743	0.040	0.003	0.265	0.037	0.048	0.004
261	0.802	0.034	0.470	0.025	38.032	1.789	204680.047	25068.906	1758.061	38.366	0.039	0.003	0.247	0.031	0.048	0.004
262	0.788	0.030	0.489	0.024	37.933	1.713	204153.766	25104.039	1772.381	39.006	0.038	0.004	0.257	0.036	0.046	0.005
263	0.810	0.031	0.512	0.025	37.955	1.642	201033.844	24650.857	1780.914	38.143	0.039	0.003	0.260	0.045	0.045	0.005
264	0.803	0.029	0.502	0.024	37.958	1.630	198172.047	24124.486	1781.195	38.066	0.042	0.003	0.280	0.044	0.050	0.005
265	0.843	0.030	0.499	0.024	38.116	1.743	200004.625	24677.852	1753.110	43.379	0.037	0.003	0.248	0.039	0.046	0.006
266	0.833	0.031	0.495	0.027	37.422	1.753	188911.078	24044.814	1740.515	44.130	0.034	0.003	0.225	0.037	0.041	0.004
267	0.846	0.032	0.482	0.026	37.841	1.732	192836.688	24318.273	1730.327	43.639	0.038	0.003	0.227	0.029	0.048	0.005
268	0.845	0.030	0.466	0.028	37.647	1.742	189491.906	24295.580	1724.265	43.262	0.035	0.004	0.259	0.052	0.043	0.005
269	0.850	0.030	0.465	0.027	37.352	1.735	186303.656	24119.031	1698.789	45.392	0.035	0.003	0.233	0.041	0.043	0.005
270	0.862	0.033	0.491	0.029	37.982	1.801	185014.406	23453.758	1709.129	44.113	0.035	0.003	0.230	0.040	0.043	0.005
271	0.868	0.033	0.499	0.030	38.330	1.861	186358.156	23681.223	1717.031	43.422	0.040	0.004	0.264	0.042	0.047	0.005
272	0.876	0.034	0.481	0.028	38.390	1.800	184676.078	23235.648	1718.813	40.123	0.037	0.003	0.229	0.041	0.044	0.005
273	0.877	0.035	0.458	0.028	39.101	1.960	199384.812	27934.119	1699.583	41.850	0.040	0.004	0.284	0.056	0.050	0.006
274	0.884	0.034	0.479	0.031	39.164	1.954	200718.859	28445.625	1708.442	41.889	0.039	0.003	0.262	0.044	0.043	0.004
275	0.881	0.033	0.478	0.030	38.996	1.922	196841.562	28095.430	1722.267	42.018	0.042	0.005	0.228	0.043	0.046	0.006
276	0.885	0.034	0.468	0.029	39.808	1.922	199681.375	27564.979	1723.442	39.051	0.039	0.004	0.266	0.043	0.046	0.005
277	0.879	0.033	0.471	0.028	39.882	1.923	197060.906	26330.254	1729.928	37.242	0.038	0.004	0.213	0.036	0.049	0.007
278	0.889	0.034	0.469	0.028	40.714	2.033	198609.219	25791.549	1717.008	41.440	0.041	0.003	0.203	0.033	0.048	0.004
279	0.881	0.034	0.487	0.027	40.064	1.974	188519.547	24718.551	1718.780	41.209	0.041	0.004	0.227	0.035	0.049	0.006
280	0.867	0.033	0.498	0.029	39.522	1.909	177313.859	22242.393	1725.473	40.179	0.036	0.004	0.202	0.041	0.041	0.005
281	0.862	0.033	0.494	0.029	39.089	1.874	173061.781	21797.408	1722.088	42.042	0.035	0.004	0.194	0.032	0.040	0.005
282	0.885	0.035	0.504	0.029	39.551	1.815	174710.234	21400.512	1731.094	41.506	0.036	0.004	0.211	0.034	0.040	0.005
283	0.895	0.033	0.504	0.031	39.927	1.658	173844.688	20622.986	1754.166	39.545	0.038	0.003	0.188	0.030	0.045	0.005
284	0.911	0.035	0.503	0.030	40.632	1.813	179741.547	23080.803	1738.578	41.760	0.037	0.004	0.208	0.030	0.047	0.006
285	0.915	0.035	0.514	0.031	40.221	1.886	177946.047	23215.045	1728.858	50.919	0.035	0.003	0.155	0.024	0.043	0.004
286	0.908	0.036	0.528	0.031	39.696	1.968	168903.594	20886.564	1734.025	54.080	0.039	0.005	0.231	0.043	0.047	0.007
287	0.895	0.035	0.533	0.031	39.003	1.955	160996.266	20416.734	1730.825	55.057	0.038	0.004	0.197	0.035	0.042	0.005
288	0.887	0.036	0.532	0.030	38.801	1.961	157641.766	20071.988	1730.363	55.707	0.035	0.003	0.154	0.023	0.041	0.004
289	0.894	0.036	0.534	0.032	38.817	1.771	146495.984	15930.067	1758.757	45.089	0.030	0.003	0.137	0.021	0.036	0.005
290	0.878	0.034	0.525	0.030	38.834	1.814	145263.422	16087.992	1735.128	48.172	0.030	0.003	0.128	0.021	0.033	0.003
291	0.871	0.035	0.525	0.031	38.622	1.827	143343.078	17037.158	1732.671	50.025	0.030	0.004	0.150	0.029	0.038	0.006
292	0.891	0.037	0.534	0.034	39.842	1.922	144406.250	16788.721	1737.647	51.001	0.035	0.004	0.183	0.034	0.043	0.007
293	0.913	0.037	0.555	0.034	40.292	1.906	143106.688	16556.986	1743.732	51.520	0.038	0.004	0.185	0.035	0.049	0.007
294	0.912	0.042	0.552	0.028	39.577	2.010	132859.922	15442.816	1729.104	53.549	0.027	0.003	0.119	0.025	0.030	0.004
295	0.921	0.039	0.566	0.029	40.372	1.925	139035.750	16136.785	1764.103	52.409	0.030	0.003	0.120	0.022	0.031	0.003
296	0.920	0.041	0.568	0.031	40.104	1.916	136099.984	15908.222	1776.918	53.058	0.033	0.003	0.131	0.024	0.036	0.004
297	0.909	0.038	0.557	0.032	39.972	1.915	134466.375	16125.338	1766.748	53.872	0.033	0.004	0.134	0.022	0.037	0.004
298	0.891	0.036	0.549	0.032	39.244	1.877	129718.438	16183.009	1762.574	55.376	0.026	0.003	0.100	0.018	0.034	0.006
299	0.878	0.033	0.560	0.034	38.972	1.843	129567.406	16399.258	1779.285	51.911	0.030	0.003	0.144	0.029	0.034	0.004
300	0.882	0.034	0.546	0.033	38.742	1.897	127277.945	16372.845	1766.644	54.393	0.037	0.005	0.156	0.026	0.045	0.006
301	0.896	0.035	0.542	0.034	39.018	1.872	124060.695	15769.845	1777.990	54.229	0.042	0.004	0.201	0.039	0.051	0.006
302	0.902	0.034	0.534	0.035	39.223	1.762	121203.867	15516.245	1800.026	47.206	0.033	0.004	0.122	0.021	0.038	0.005
303	0.893	0.032	0.536	0.033	38.799	1.787	117784.898	15177.970	1799.154	49.214	0.032	0.004	0.128	0.023	0.040	0.006
304	0.896	0.032	0.530	0.033	38.533	1.745	114039.891	14277.310	1791.647	47.991	0.034	0.004	0.124	0.021	0.041	0.006
305	0.900	0.032	0.504	0.034	38.368	1.677	110386.609	13641.483	1792.304	49.667	0.040	0.005	0.143	0.025	0.043	0.006
306	0.898	0.034	0.488	0.032	38.275	1.657	110192.828	13811.420	1784.113	49.441	0.029	0.003	0.100	0.019	0.032	0.004
307	0.931	0.032	0.499	0.031	38.417	1.567	108550.758	13310.048	1805.860	49.396	0.030	0.004	0.127	0.029	0.035	0.006
308	0.918	0.033	0.488	0.031	38.325	1.604	106214.594	13254.411	1776.367	49.054	0.037	0.008	0.121	0.025	0.040	0.007
309	0.942	0.031	0.509	0.033	39.809	1.717	114295.492	14575.885	1755.445	49.611	0.033	0.004	0.114	0.024	0.042	0.006
310	0.951	0.030	0.496	0.033	39.610	1.632	110098.758	13875.327	1753.919	48.854	0.038	0.004	0.143	0.029	0.041	0.005
311	0.940	0.031	0.497	0.034	38.981	1.769	106317.844	13628.240	1724.398	54.639	0.032	0.004	0.102	0.018	0.037	0.006
312	0.911	0.033	0.507	0.031	37.986	1.768	102186.641	13284.042	1728.617	55.391	0.028	0.004	0.111	0.024	0.035	0.006
313	0.922	0.033	0.506	0.033	39.013	1.793	105789.398	13729.232	1740.677	54.521	0.033	0.005	0.113	0.021	0.043	0.009
314	0.924	0.032	0.500	0.032	38.994	1.686	103188.570	13217.493	1742.993	48.255	0.042	0.006	0.172	0.030	0.054	0.009
315	0.926	0.031	0.499	0.034	38.613	1.647	98764.164	12750.730	1752.299	50.008	0.035	0.005	0.125	0.023	0.042	0.007
316	0.921	0.033	0.477	0.034	37.928	1.601	94965.195	12694.592	1719.099	48.494	0.032	0.004	0.108	0.021	0.033	0.004
317	0.922	0.032	0.477	0.034	37.884	1.622	94698.164	12865.616	1709.753	49.651	0.021	0.003	0.096	0.025	0.025	0.005
318	0.917	0.032	0.468	0.035	37.837	1.674	90858.922	12479.131	1702.383	51.385	0.029	0.004	0.111	0.026	0.032	0.005
319	0.922	0.033	0.472	0.035	39.100	1.781	92784.469	12079.674	1700.922	50.660	0.031	0.004	0.104	0.022	0.034	0.005
320	0.941	0.038	0.466	0.036	39.437	1.766	92044.297	11712.699	1707.383	50.076	0.035	0.005	0.109	0.023	0.040	0.007
321	0.939	0.035	0.449	0.036	39.674	1.865	91889.336	11620.704	1679.385	54.049	0.033	0.004	0.122	0.033	0.036	0.005
322	0.923	0.036	0.479	0.037	39.413	1.835	90112.523	11476.703	1693.798	55.243	0.029	0.005	0.074	0.016	0.033	0.006
323	0.912	0.036	0.521	0.040	38.522	1.891	87026.344	11069.339	1684.875	59.951	0.029	0.004	0.107	0.024	0.033	0.006
324	0.903	0.039	0.520	0.041	38.166	1.982	85925.477	11038.717	1681.246	59.605	0.034	0.005	0.118	0.024	0.046	0.011
325	0.883	0.041	0.530	0.042	38.056	2.043	85313.211	10873.597	1672.651	67.659	0.025	0.004	0.069	0.014	0.029	0.005
326	0.882	0.042	0.532	0.042	37.823	2.091	85613.133	10877.041	1656.163	68.129	0.028	0.005	0.078	0.017	0.030	0.006
327	0.882	0.040	0.508	0.043	37.489	2.085	83432.414	10657.960	1635.767	74.294	0.029	0.004	0.107	0.023	0.032	0.005
328	0.874	0.039	0.553	0.045	37.650	1.933	79476.508	10095.198	1714.554	67.579	0.024	0.004	0.070	0.014	0.027	0.005
329	0.907	0.041	0.563	0.046	37.736	1.945	78008.648	10313.304	1722.151	68.374	0.031	0.005	0.081	0.018	0.041	0.010
330	0.887	0.039	0.572	0.046	38.004	1.935	78076.422	10386.879	1736.844	67.480	0.026	0.004	0.084	0.020	0.031	0.007
331	0.872	0.039	0.580	0.045	37.616	1.941	75986.273	10333.130	1752.911	71.130	0.019	0.004	0.067	0.016	0.024	0.005
332	0.867	0.041	0.552	0.043	36.954	1.898	74342.438	10610.691	1742.370	79.104	0.028	0.005	0.079	0.017	0.030	0.005
333	0.869	0.043	0.569	0.043	37.597	1.928	73888.688	10346.954	1755.571	82.298	0.030	0.005	0.069	0.017	0.030	0.005
334	0.863	0.043	0.561	0.041	37.304	1.952	70946.641	10197.796	1753.082	82.189	0.025	0.004	0.076	0.020	0.028	0.005
335	0.863	0.042	0.562	0.041	37.194	1.892	68900.758	9752.389	1762.431	80.208	0.034	0.006	0.102	0.024	0.036	0.007
336	0.868	0.046	0.561	0.040	37.256	1.986	66612.953	9516.450	1750.489	80.368	0.025	0.004	0.060	0.013	0.028	0.004
337	0.863	0.047	0.542	0.040	37.474	2.158	65688.734	9469.449	1713.032	82.287	0.024	0.004	0.066	0.015	0.025	0.004
338	0.860	0.046	0.544	0.040	37.199	2.128	63522.301	9213.355	1726.847	82.216	0.026	0.005	0.068	0.018	0.028	0.005
339	0.856	0.047	0.527	0.038	37.102	2.138	62696.254	9299.237	1699.335	83.787	0.020	0.004	0.042	0.008	0.022	0.004
340	0.851	0.047	0.529	0.039	36.523	2.060	59447.336	8844.592	1706.202	83.854	0.024	0.005	0.060	0.016	0.027	0.006
341	0.856	0.047	0.543	0.037	37.215	2.143	59144.887	8928.108	1706.195	82.512	0.025	0.004	0.060	0.015	0.028	0.005
342	0.887	0.044	0.518	0.034	37.452	2.141	59697.047	9164.147	1666.542	76.545	0.029	0.006	0.074	0.020	0.036	0.008
343	0.888	0.044	0.517	0.036	37.291	2.123	58725.121	8831.285	1671.460	77.088	0.031	0.005	0.070	0.015	0.032	0.005
344	0.890	0.045	0.532	0.035	38.124	2.199	61682.004	9468.935	1670.116	72.595	0.022	0.005	0.059	0.015	0.026	0.006
345	0.924	0.044	0.539	0.036	39.521	2.033	61531.371	8912.679	1733.789	71.562	0.028	0.005	0.064	0.015	0.036	0.007
346	0.912	0.044	0.543	0.035	38.555	2.112	60136.609	9228.207	1711.169	76.206	0.022	0.004	0.044	0.011	0.024	0.005
347	0.927	0.046	0.549	0.034	40.103	1.977	62640.086	9277.536	1772.854	64.804	0.025	0.005	0.065	0.018	0.030	0.007
348	0.910	0.046	0.564	0.036	39.231	1.959	57838.836	9038.144	1777.170	62.288	0.030	0.007	0.064	0.015	0.031	0.007
349	0.904	0.045	0.574	0.038	39.158	2.005	56809.152	8968.948	1771.418	63.711	0.023	0.004	0.053	0.013	0.024	0.004
350	0.887	0.045	0.547	0.039	38.044	2.064	53287.195	8543.714	1719.859	61.065	0.021	0.004	0.043	0.011	0.023	0.005
351	0.899	0.049	0.524	0.041	39.120	2.217	53156.414	8423.058	1740.665	68.698	0.025	0.006	0.076	0.028	0.034	0.009
352	0.914	0.052	0.496	0.042	39.089	2.314	52375.969	8496.805	1699.622	66.432	0.026	0.006	0.059	0.015	0.029	0.007
353	0.890	0.050	0.495	0.041	38.703	2.325	50745.371	8326.348	1693.580	66.099	0.028	0.007	0.064	0.023	0.033	0.011
354	0.919	0.045	0.487	0.039	39.775	2.150	50881.887	8082.126	1738.912	59.625	0.027	0.005	0.049	0.011	0.028	0.005
355	0.942	0.042	0.494	0.038	40.255	2.017	50317.500	7933.802	1745.188	61.176	0.022	0.004	0.049	0.013	0.024	0.005
356	0.928	0.041	0.509	0.040	39.772	1.746	47362.238	7419.073	1806.035	59.265	0.022	0.005	0.057	0.019	0.022	0.005
357	0.943	0.043	0.517	0.042	40.362	1.886	46124.441	7069.361	1810.703	61.779	0.022	0.004	0.049	0.013	0.026	0.006
358	0.927	0.041	0.519	0.041	40.125	1.849	45587.285	7361.531	1815.094	62.506	0.028	0.006	0.059	0.020	0.029	0.006
359	0.941	0.043	0.486	0.037	41.561	2.179	50092.598	8009.822	1725.360	69.887	0.020	0.004	0.053	0.016	0.022	0.005
360	0.935	0.042	0.518	0.039	41.036	2.165	48737.137	7685.654	1738.842	72.228	0.021	0.005	0.035	0.011	0.022	0.006
361	0.924	0.045	0.508	0.040	41.512	2.240	48667.246	7437.185	1739.285	68.081	0.015	0.003	0.027	0.008	0.017	0.005
362	0.923	0.047	0.514	0.040	40.961	2.340	42621.441	6159.655	1690.985	70.858	0.017	0.004	0.029	0.011	0.019	0.005
363	0.915	0.049	0.514	0.040	40.658	2.482	41511.215	6017.527	1646.795	80.179	0.023	0.008	0.046	0.016	0.022	0.008
364	0.863	0.054	0.533	0.043	38.740	2.707	37257.727	5098.644	1612.916	90.101	0.025	0.006	0.041	0.012	0.025	0.006
365	0.853	0.055	0.513	0.045	37.965	2.828	36102.004	4844.992	1569.317	97.190	0.022	0.006	0.051	0.016	0.031	0.011
366	0.852	0.057	0.501	0.045	37.776	2.781	35889.004	4755.415	1572.166	94.438	0.031	0.007	0.052	0.014	0.030	0.007
367	0.834	0.056	0.500	0.045	37.433	2.712	33131.879	4131.223	1612.753	97.436	0.016	0.004	0.037	0.012	0.018	0.006
368	0.828	0.055	0.527	0.046	36.913	2.637	34150.055	4927.882	1614.387	100.315	0.019	0.005	0.031	0.009	0.023	0.008
369	0.828	0.055	0.531	0.047	36.501	2.628	31492.846	4615.838	1614.767	99.378	0.025	0.006	0.038	0.010	0.028	0.009
370	0.804	0.055	0.539	0.047	35.733	2.588	30074.020	4407.722	1631.091	100.970	0.010	0.003	0.019	0.007	0.011	0.004
371	0.820	0.055	0.510	0.045	36.018	2.489	29020.080	4300.909	1631.703	89.914	0.029	0.006	0.043	0.010	0.034	0.009
372	0.821	0.057	0.512	0.044	35.733	2.548	27562.828	4065.374	1626.091	97.023	0.037	0.011	0.067	0.025	0.042	0.013
373	0.785	0.062	0.497	0.047	32.417	2.665	25224.758	3856.680	1486.288	112.573	0.021	0.005	0.034	0.010	0.021	0.005
374	0.782	0.059	0.511	0.047	32.268	2.727	24571.104	4176.203	1484.029	112.537	0.017	0.004	0.021	0.006	0.018	0.005
375	0.780	0.060	0.526	0.048	32.203	2.713	24129.203	4052.276	1503.595	114.302	0.008	0.003	0.019	0.012	0.010	0.005
376	0.757	0.059	0.520	0.047	32.270	2.731	23070.041	3878.107	1508.419	113.344	0.018	0.005	0.038	0.013	0.021	0.007
377	0.760	0.061	0.517	0.049	31.795	2.814	22898.021	4014.597	1522.943	119.918	0.023	0.006	0.030	0.008	0.026	0.007
378	0.743	0.064	0.494	0.050	31.907	2.928	22316.102	4198.112	1528.640	119.207	0.016	0.005	0.026	0.009	0.018	0.006
379	0.738	0.063	0.527	0.051	30.815	2.910	21253.768	4454.402	1496.343	120.150	0.017	0.005	0.034	0.013	0.017	0.005
380	0.768	0.062	0.562	0.053	31.952	2.800	19559.037	3672.238	1590.151	116.474	0.020	0.007	0.022	0.008	0.020	0.007
381	0.756	0.061	0.540	0.051	32.515	2.816	20163.010	3815.963	1605.618	117.750	0.009	0.003	0.009	0.003	0.009	0.003
382	0.786	0.064	0.553	0.054	33.822	2.899	22548.367	4104.562	1616.714	120.025	0.038	0.011	0.066	0.020	0.044	0.011
383	0.794	0.070	0.533	0.055	34.787	3.123	25991.404	6029.603	1593.776	125.519	0.024	0.009	0.042	0.019	0.022	0.007
384	0.789	0.068	0.555	0.059	34.004	2.962	25124.822	5939.329	1659.188	130.135	0.022	0.007	0.035	0.013	0.022	0.007
385	0.775	0.068	0.523	0.058	34.020	3.054	25519.318	5991.620	1567.258	131.958	0.023	0.008	0.035	0.013	0.026	0.009
386	0.794	0.066	0.543	0.057	34.996	2.997	25602.338	5949.879	1631.698	124.838	0.013	0.005	0.032	0.021	0.014	0.006
387	0.780	0.069	0.521	0.057	34.427	3.066	24816.715	5911.511	1582.901	128.828	0.010	0.004	0.016	0.008	0.009	0.004
388	0.750	0.067	0.515	0.056	33.307	3.139	23444.373	5834.844	1542.779	126.655	0.013	0.004	0.013	0.004	0.013	0.004
389	0.762	0.066	0.554	0.059	34.123	3.133	22873.969	5622.353	1612.365	132.240	0.026	0.007	0.036	0.012	0.026	0.007
390	0.739	0.066	0.568	0.062	33.602	3.373	22110.766	5542.226	1620.226	142.768	0.025	0.009	0.050	0.032	0.023	0.008
391	0.733	0.068	0.545	0.060	32.491	3.283	21429.826	5538.760	1535.810	142.741	0.024	0.008	0.055	0.025	0.026	0.010
392	0.707	0.069	0.511	0.059	31.804	3.302	21437.736	5399.090	1546.197	147.604	0.033	0.010	0.058	0.019	0.035	0.012
393	0.724	0.068	0.521	0.061	31.217	3.221	20685.586	5529.800	1521.944	147.075	0.023	0.009	0.024	0.010	0.022	0.009
394	0.737	0.065	0.517	0.061	31.559	3.122	20250.592	5319.524	1562.047	144.383	0.022	0.008	0.034	0.014	0.024	0.009
395	0.716	0.069	0.472	0.056	29.340	3.373	20161.041	5361.825	1398.173	155.428	0.017	0.006	0.030	0.012	0.019	0.007
396	0.693	0.070	0.484	0.057	27.929	3.362	18743.342	5149.537	1366.611	161.738	0.029	0.012	0.045	0.019	0.037	0.016
397	0.675	0.068	0.500	0.062	27.345	3.301	18192.020	5041.033	1381.545	167.959	0.015	0.005	0.023	0.009	0.019	0.008
398	0.658	0.073	0.483	0.060	26.209	3.382	17391.051	4696.018	1269.486	161.480	0.017	0.007	0.028	0.013	0.017	0.006
399	0.665	0.070	0.492	0.059	26.470	3.353	17544.264	4839.458	1272.892	158.339	0.007	0.004	0.011	0.008	0.012	0.008
400	0.645	0.073	0.475	0.061	25.997	3.368	16436.223	4392.710	1250.693	160.392	0.014	0.006	0.026	0.014	0.014	0.006
401	0.637	0.072	0.483	0.062	24.805	3.200	12637.186	2788.375	1221.711	159.151	0.011	0.005	0.011	0.005	0.011	0.005
402	0.618	0.076	0.442	0.059	24.061	3.496	12968.752	2960.292	1107.630	155.741	0.016	0.007	0.016	0.007	0.016	0.007
403	0.643	0.071	0.431	0.054	25.530	3.485	12524.354	2789.547	1166.526	149.124	0.012	0.006	0.012	0.006	0.012	0.006
404	0.627	0.072	0.432	0.054	24.865	3.523	12092.045	2672.926	1145.114	152.919	0.009	0.005	0.012	0.007	0.009	0.005
405	0.632	0.071	0.432	0.054	26.583	3.880	13431.304	2936.264	1133.837	154.783	0.016	0.008	0.027	0.015	0.015	0.007
406	0.611	0.075	0.435	0.058	26.325	3.964	12971.719	2957.874	1109.642	157.476	0.027	0.009	0.040	0.016	0.033	0.014
407	0.598	0.074	0.429	0.056	22.270	3.384	8899.276	2315.160	1065.927	163.264	0.006	0.005	0.006	0.005	0.006	0.005
408	0.606	0.073	0.445	0.055	22.251	3.415	8344.736	2127.475	1072.450	162.647	0.007	0.004	0.011	0.008	0.007	0.004
409	0.605	0.075	0.446	0.055	22.172	3.450	7872.242	2183.927	1059.318	160.365	0.010	0.006	0.015	0.012	0.009	0.006
410	0.626	0.075	0.487	0.056	23.883	3.693	8473.479	2332.283	1114.682	166.473	0.002	0.002	0.002	0.002	0.002	0.002
411	0.628	0.078	0.486	0.059	24.777	3.855	8582.884	2544.769	1170.941	167.963	0.005	0.004	0.005	0.004	0.005	0.004
412	0.643	0.084	0.476	0.062	26.341	4.091	8607.912	2481.101	1191.841	168.504	0.019	0.008	0.019	0.008	0.019	0.008
413	0.662	0.085	0.470	0.063	27.312	4.088	8924.145	2450.462	1217.425	171.262	0.004	0.003	0.004	0.003	0.004	0.003
414	0.662	0.087	0.468	0.061	27.954	4.192	9091.783	2405.872	1205.789	163.760	0.003	0.003	0.003	0.003	0.003	0.003
415	0.671	0.086	0.478	0.061	28.330	4.162	9078.955	2352.248	1244.483	166.274	0.017	0.012	0.017	0.012	0.017	0.012
416	0.681	0.090	0.494	0.065	29.568	4.282	9434.533	2454.845	1280.626	164.371	0.008	0.004	0.008	0.004	0.008	0.004
417	0.709	0.091	0.487	0.066	30.287	4.425	9074.123	2232.392	1260.702	168.335	0.018	0.009	0.018	0.009	0.018	0.009
418	0.739	0.096	0.511	0.068	32.889	4.659	9572.442	2349.614	1331.186	171.725	0.033	0.017	0.052	0.030	0.029	0.015
419	0.725	0.096	0.527	0.072	31.975	4.631	8993.510	2448.179	1321.027	175.490	0.013	0.008	0.013	0.008	0.013	0.008
420	0.671	0.092	0.502	0.074	30.863	4.267	8437.380	2030.916	1366.367	171.883	0.020	0.009	0.020	0.009	0.020	0.009
421	0.604	0.086	0.435	0.071	27.480	4.181	7976.118	2039.446	1182.745	168.579	0.009	0.007	0.009	0.006	0.009	0.006
422	0.598	0.080	0.435	0.073	26.923	4.100	6967.046	1969.323	1162.479	170.031	0.007	0.005	0.007	0.005	0.007	0.005
423	0.529	0.070	0.367	0.062	23.806	4.155	6728.877	1889.077	990.565	173.849	0.004	0.004	0.004	0.004	0.004	0.004
424	0.504	0.074	0.360	0.069	23.273	4.025	6288.302	1828.992	1004.051	181.453	0.006	0.004	0.006	0.004	0.006	0.004
425	0.521	0.074	0.362	0.063	24.007	4.055	6207.127	1904.726	1060.658	184.033	0.014	0.010	0.014	0.010	0.014	0.010
426	0.516	0.075	0.314	0.055	23.645	4.290	6080.531	1960.630	966.314	172.908	0.003	0.003	0.003	0.003	0.003	0.003
427	0.516	0.071	0.321	0.058	23.334	4.254	5898.555	1958.268	901.882	161.931	0.014	0.010	0.014	0.010	0.014	0.010
428	0.512	0.071	0.357	0.067	23.332	4.242	5578.243	1809.744	928.542	170.419	0.022	0.011	0.030	0.018	0.021	0.010
429	0.563	0.092	0.364	0.070	24.628	4.537	6442.129	2331.928	1015.994	183.088	0.006	0.006	0.006	0.006	0.006	0.006
430	0.522	0.086	0.351	0.065	22.681	4.529	5877.718	2347.878	915.525	185.714	0.000	0.000	0.000	0.000	0.000	0.000
431	0.528	0.089	0.343	0.065	22.778	4.432	5974.339	2397.550	958.327	191.902	0.014	0.008	0.014	0.008	0.014	0.008
432	0.548	0.100	0.372	0.059	20.811	4.629	6121.155	2665.226	878.979	180.784	0.004	0.004	0.004	0.004	0.004	0.004
433	0.500	0.100	0.349	0.061	18.795	4.573	5621.133	2521.340	802.429	190.156	0.008	0.006	0.008	0.006	0.008	0.006
434	0.508	0.095	0.349	0.059	20.351	4.782	5930.666	2510.969	866.412	205.495	0.019	0.014	0.019	0.014	0.019	0.014
435	0.497	0.095	0.409	0.082	20.976	4.666	5263.722	2252.467	1037.161	241.561	0.015	0.015	0.030	0.030	0.030	0.030
436	0.554	0.091	0.493	0.091	21.891	4.906	5037.697	2276.065	1055.619	261.532	0.004	0.004	0.004	0.004	0.004	0.004
437	0.478	0.098	0.340	0.063	18.478	5.056	5117.443	2321.444	736.471	195.104	0.011	0.011	0.011	0.011	0.011	0.011
438	0.476	0.096	0.334	0.061	20.030	5.204	5540.188	2463.351	805.838	197.730	0.000	0.000	0.000	0.000	0.000	0.000
439	0.541	0.092	0.381	0.059	21.818	5.416	6134.616	2711.663	855.490	200.397	0.016	0.012	0.016	0.012	0.016	0.012
440	0.554	0.101	0.370	0.062	24.016	5.903	7243.163	3247.230	907.973	203.380	0.000	0.000	0.000	0.000	0.000	0.000
441	0.514	0.104	0.321	0.063	21.121	5.775	7058.039	3304.164	808.870	205.846	0.000	0.000	0.000	0.000	0.000	0.000
442	0.533	0.096	0.341	0.060	21.013	5.721	6726.343	3128.602	811.671	205.878	0.042	0.032	0.042	0.032	0.042	0.032
443	0.497	0.111	0.286	0.064	20.839	6.003	6194.539	2895.085	754.243	197.479	0.000	0.000	0.000	0.000	0.000	0.000
444	0.488	0.083	0.281	0.052	20.344	5.524	5337.741	2547.594	691.806	182.591	0.000	0.000	0.000	0.000	0.000	0.000
445	0.461	0.092	0.244	0.052	18.259	5.433	5027.695	2610.431	604.695	172.145	0.000	0.000	0.000	0.000	0.000	0.000
446	0.417	0.095	0.222	0.054	18.401	5.698	5296.241	2763.461	606.232	171.660	0.011	0.011	0.011	0.011	0.011	0.011
447	0.442	0.095	0.247	0.055	17.452	4.964	3551.795	2291.269	645.810	183.335	0.000	0.000	0.000	0.000	0.000	0.000
448	0.454	0.094	0.280	0.061	18.079	5.141	3828.527	2378.517	723.612	223.473	0.000	0.000	0.000	0.000	0.000	0.000
449	0.340	0.102	0.247	0.084	14.494	5.376	3486.110	2404.708	621.582	249.316	0.000	0.000	0.000	0.000	0.000	0.000
450	0.347	0.099	0.273	0.087	13.458	5.082	2799.486	2173.857	610.514	240.235	0.000	0.000	0.000	0.000	0.000	0.000
451	0.292	0.099	0.245	0.090	12.247	5.273	2981.922	2454.257	544.496	239.878	0.000	0.000	0.000	0.000	0.000	0.000
452	0.264	0.104	0.231	0.112	13.850	5.769	3362.116	2611.105	660.330	297.776	0.000	0.000	0.000	0.000	0.000	0.000
453	0.264	0.104	0.231	0.112	13.725	5.655	3224.454	2567.024	670.158	299.044	0.000	0.000	0.000	0.000	0.000	0.000
454	0.292	0.099	0.287	0.114	11.461	5.526	2969.204	2522.371	563.769	297.059	0.008	0.008	0.008	0.008	0.008	0.008
455	0.273	0.104	0.207	0.073	8.445	5.547	3076.019	2811.337	238.363	162.528	0.000	0.000	0.000	0.000	0.000	0.000
456	0.291	0.104	0.232	0.079	9.014	5.754	3163.536	2827.093	296.515	200.624	0.000	0.000	0.000	0.000	0.000	0.000
457	0.263	0.169	0.137	0.089	14.919	9.886	5589.583	4952.918	456.016	319.752	0.000	0.000	0.000	0.000	0.000	0.000
458	0.263	0.169	0.137	0.089	15.202	9.951	5478.301	4756.042	457.034	308.435	0.000	0.000	0.000	0.000	0.000	0.000
459	0.244	0.156	0.122	0.078	14.644	9.450	4659.400	3908.626	455.511	302.493	0.000	0.000	0.000	0.000	0.000	0.000
460	0.244	0.156	0.122	0.078	15.156	9.676	4807.877	3913.811	495.804	319.493	0.000	0.000	0.000	0.000	0.000	0.000
461	0.244	0.156	0.122	0.078	15.150	9.623	4604.017	3649.412	508.443	322.651	0.000	0.000	0.000	0.000	0.000	0.000
462	0.244	0.156	0.122	0.078	15.167	9.662	4685.833	3768.319	500.241	319.330	0.000	0.000	0.000	0.000	0.000	0.000
463	0.217	0.142	0.150	0.096	8.550	8.254	3763.150	3762.250	268.928	268.029	0.000	0.000	0.000	0.000	0.000	0.000
464	0.217	0.142	0.150	0.096	8.450	8.350	3860.261	3860.161	274.372	274.272	0.000	0.000	0.000	0.000	0.000	0.000
465	0.231	0.155	0.185	0.118	5.361	5.262	672.417	672.317	268.917	268.817	0.000	0.000	0.000	0.000	0.000	0.000
466	0.219	0.219	0.174	0.174	7.844	7.844	865.638	865.638	464.853	464.853	0.031	0.031	0.031	0.031	0.031	0.031
467	0.219	0.219	0.174	0.174	8.594	8.594	1022.281	1022.281	444.138	444.138	0.000	0.000	0.000	0.000	0.000	0.000
468	0.194	0.194	0.174	0.174	7.444	7.444	949.424	949.424	424.299	424.299	0.000	0.000	0.000	0.000	0.000	0.000
469	0.156	0.156	0.138	0.138	5.375	5.375	396.857	396.857	289.000	289.000	0.000	0.000	0.000	0.000	0.000	0.000
470	0.143	0.143	0.155	0.155	5.536	5.536	366.702	366.702	337.702	337.702	0.000	0.000	0.000	0.000	0.000	0.000
471	0.143	0.143	0.155	0.155	5.393	5.393	339.821	339.821	335.655	335.655	0.000	0.000	0.000	0.000	0.000	0.000
472	0.143	0.143	0.155	0.155	5.357	5.357	335.571	335.571	337.821	337.821	0.000	0.000	0.000	0.000	0.000	0.000
473	0.143	0.143	0.155	0.155	5.357	5.357	335.155	335.155	335.571	335.571	0.000	0.000	0.000	0.000	0.000	0.000
474	0.222	0.222	0.222	0.222	8.000	8.000	465.600	465.600	501.333	501.333	0.000	0.000	0.000	0.000	0.000	0.000
475	0.222	0.222	0.222	0.222	8.833	8.833	563.433	563.433	504.500	504.500	0.000	0.000	0.000	0.000	0.000	0.000
476	0.200	0.200	0.100	0.100	8.267	8.267	385.900	385.900	245.900	245.900	0.000	0.000	0.000	0.000	0.000	0.000
477	0.200	0.200	0.100	0.100	9.600	9.600	518.567	518.567	308.567	308.567	0.000	0.000	0.000	0.000	0.000	0.000
478	0.200	0.200	0.100	0.100	8.800	8.800	435.767	435.767	261.767	261.767	0.000	0.000	0.000	0.000	0.000	0.000
479	0.200	0.200	0.100	0.100	9.667	9.667	540.667	540.667	378.667	378.667	0.000	0.000	0.000	0.000	0.000	0.000
480	0.200	0.200	0.100	0.100	8.533	8.533	409.767	409.767	259.433	259.433	0.000	0.000	0.000	0.000	0.000	0.000
481	0.200	0.200	0.100	0.100	8.000	8.000	361.500	361.500	226.167	226.167	0.000	0.000	0.000	0.000	0.000	0.000
482	0.300	0.300	0.150	0.150	11.700	11.700	514.900	514.900	296.400	296.400	0.000	0.000	0.000	0.000	0.000	0.000
483	0.600	.	0.300	.	24.400	.	1118.300	.	683.300	.	0.000	.	0.000	.	0.000	.
484	0.600	.	0.300	.	27.000	.	1367.000	.	793.500	.	0.000	.	0.000	.	0.000	.
485	0.600	.	0.300	.	25.000	.	1172.000	.	692.000	.	0.000	.	0.000	.	0.000	.
486	0.600	.	0.300	.	25.800	.	1249.200	.	763.200	.	0.000	.	0.000	.	0.000	.
487	0.600	.	0.300	.	30.600	.	1756.800	.	1074.800	.	0.200	.	0.200	.	0.200	.
488	0.600	.	0.300	.	24.600	.	1134.800	.	654.800	.	0.000	.	0.000	.	0.000	.
489	0.667	.	0.267	.	25.000	.	1519.600	.	794.800	.	0.000	.	0.000	.	0.000	.
490	0.667	.	0.267	.	25.000	.	1567.600	.	822.000	.	0.000	.	0.000	.	0.000	.
491	0.667	.	0.267	.	24.667	.	1538.667	.	789.067	.	0.000	.	0.000	.	0.000	.
492	0.600	.	0.300	.	21.400	.	1354.800	.	682.800	.	0.000	.	0.000	.	0.000	.
493	0.500	.	0.333	.	24.250	.	821.583	.	821.583	.	0.000	.	0.000	.	0.000	.
494	0.333	.	0.333	.	20.667	.	1281.333	.	1281.333	.	0.000	.	0.000	.	0.000	.
495	0.333	.	0.333	.	21.667	.	1408.333	.	1408.333	.	0.000	.	0.000	.	0.000	.
496	0.333	.	0.333	.	23.333	.	1633.333	.	1633.333	.	0.000	.	0.000	.	0.000	.
497	0.333	.	0.333	.	21.333	.	1365.333	.	1365.333	.	0.000	.	0.000	.	0.000	.
498	0.333	.	0.333	.	18.000	.	972.000	.	972.000	.	0.000	.	0.000	.	0.000	.
499	0.333	.	0.333	.	20.667	.	1281.333	.	1281.333	.	0.000	.	0.000	.	0.000	.
500	0.333	.	0.333	.	23.333	.	1633.333	.	1633.333	.	0.000	.	0.000	.	0.000	.
