Mating System: Maternal Dominant Sporophytic Self Incompatibility, with Distance-Dependent Pollination

Runs=50, Generations=500, Initial PopSize=250, Safe Sites=0.250, First Reproduction=2
Maximum Per-Capita Ovule Production=100.000, Seed Establishment=0.050, Deathrate=0.050
Pollen Dispersal Range=142, Seed Dispersal Range=50, SI Alleles=10, Neutral Alleles=3

GEN	NPOLL	ERR1	VPOLL	ERR2	SDS1	ERR3	VFSD1	ERR4	VMSD1	ERR5	SDS2	ERR6	VFSD2	ERR7	VMSD2	ERR8
0	.	.	.	.	.	.	.	.	.	.	.	.	.	.	.	.
1	0.847	0.013	0.180	0.008	8.121	0.122	14846.616	443.541	14.480	0.769	0.051	0.002	0.529	0.050	0.062	0.006
2	0.873	0.013	0.192	0.008	11.905	0.172	32004.088	903.396	31.106	1.579	0.100	0.003	2.137	0.138	0.104	0.004
3	0.881	0.013	0.217	0.008	15.348	0.225	53034.199	1508.324	57.322	2.650	0.169	0.004	4.345	0.274	0.429	0.025
4	0.865	0.015	0.233	0.008	18.006	0.277	75695.812	2269.015	96.915	3.743	0.217	0.004	6.226	0.250	1.486	0.103
5	0.840	0.015	0.248	0.008	19.717	0.308	99475.656	3153.482	150.488	4.434	0.216	0.004	6.448	0.246	1.843	0.112
6	0.816	0.014	0.269	0.007	20.699	0.319	122453.383	3962.322	211.051	4.200	0.203	0.004	6.361	0.238	1.671	0.097
7	0.788	0.015	0.264	0.007	21.529	0.344	147983.734	5024.781	271.553	4.965	0.186	0.003	5.916	0.231	1.463	0.079
8	0.763	0.015	0.266	0.007	22.292	0.380	175373.406	6241.863	333.272	5.785	0.181	0.003	6.339	0.251	1.424	0.077
9	0.744	0.015	0.272	0.007	22.956	0.419	203380.953	7640.537	396.190	6.322	0.161	0.003	5.606	0.167	1.174	0.071
10	0.737	0.016	0.267	0.007	23.793	0.443	238600.938	9070.900	452.882	7.545	0.152	0.003	5.230	0.216	1.287	0.067
11	0.739	0.017	0.260	0.007	25.006	0.453	281396.312	10183.451	510.280	8.859	0.148	0.003	5.443	0.234	1.129	0.074
12	0.726	0.017	0.264	0.007	25.720	0.501	318591.375	12124.465	573.302	9.629	0.139	0.003	5.401	0.230	0.991	0.059
13	0.713	0.017	0.267	0.006	26.359	0.521	357567.469	13906.410	638.021	10.120	0.131	0.002	4.987	0.175	0.962	0.047
14	0.703	0.017	0.267	0.006	27.197	0.551	403952.156	15857.628	705.256	10.360	0.119	0.002	4.256	0.166	0.805	0.039
15	0.700	0.017	0.263	0.006	28.166	0.574	455980.812	17995.748	773.228	10.964	0.119	0.003	4.686	0.213	0.860	0.054
16	0.688	0.017	0.269	0.006	28.956	0.597	503613.438	19943.170	849.030	11.153	0.110	0.002	4.278	0.143	0.704	0.046
17	0.675	0.016	0.268	0.005	29.513	0.617	548990.938	22106.400	924.409	10.760	0.105	0.002	4.052	0.136	0.721	0.036
18	0.664	0.015	0.273	0.005	30.201	0.648	596878.500	24447.734	1006.626	10.655	0.102	0.002	3.898	0.134	0.763	0.035
19	0.674	0.016	0.268	0.007	31.560	0.682	673738.062	28372.598	1074.290	12.676	0.100	0.002	3.883	0.158	0.706	0.035
20	0.673	0.016	0.266	0.007	32.471	0.690	737097.625	31027.473	1135.397	13.343	0.095	0.002	3.600	0.139	0.652	0.040
21	0.675	0.017	0.265	0.008	33.212	0.733	797432.562	36982.613	1170.643	14.872	0.091	0.002	3.356	0.163	0.635	0.031
22	0.677	0.017	0.262	0.008	33.996	0.754	856451.500	39354.348	1200.499	15.893	0.088	0.001	3.291	0.122	0.577	0.032
23	0.665	0.017	0.264	0.007	34.263	0.773	890229.188	41857.883	1237.177	15.659	0.086	0.002	3.174	0.121	0.627	0.033
24	0.654	0.016	0.266	0.007	34.491	0.801	923241.250	44853.289	1276.811	14.862	0.082	0.002	2.901	0.113	0.620	0.038
25	0.644	0.016	0.268	0.006	34.696	0.817	954315.125	47385.805	1317.406	14.021	0.080	0.002	2.847	0.112	0.583	0.026
26	0.651	0.018	0.260	0.008	35.506	0.932	1025915.625	58160.168	1338.372	16.610	0.076	0.001	2.546	0.109	0.587	0.039
27	0.656	0.019	0.260	0.009	36.220	0.965	1086968.375	63335.773	1366.926	18.033	0.076	0.001	2.623	0.099	0.562	0.029
28	0.655	0.020	0.255	0.009	36.785	1.051	1138897.250	69861.906	1386.183	18.711	0.075	0.001	2.588	0.099	0.545	0.034
29	0.654	0.020	0.254	0.009	37.230	1.078	1077391.625	96646.477	1407.861	18.571	0.072	0.002	2.361	0.117	0.528	0.034
30	0.660	0.020	0.250	0.009	37.969	1.098	1141937.500	97713.102	1426.760	18.563	0.071	0.001	2.295	0.093	0.560	0.025
31	0.656	0.019	0.253	0.008	38.274	1.104	1178625.250	97345.719	1453.847	17.299	0.073	0.001	2.499	0.102	0.633	0.039
32	0.652	0.020	0.253	0.008	38.453	1.134	1104561.250	119587.508	1472.633	16.949	0.072	0.001	2.387	0.101	0.591	0.034
33	0.645	0.018	0.257	0.007	38.347	1.086	1108548.125	121545.219	1496.821	15.653	0.072	0.001	2.411	0.088	0.658	0.035
34	0.635	0.018	0.258	0.006	38.314	1.090	1021596.750	136476.344	1523.242	14.545	0.070	0.001	2.239	0.082	0.623	0.029
35	0.637	0.018	0.259	0.006	38.664	1.094	1147379.500	121856.859	1544.512	13.039	0.067	0.002	2.103	0.096	0.587	0.039
36	0.640	0.018	0.255	0.006	39.212	1.125	1107586.250	132721.031	1561.272	12.204	0.068	0.001	2.156	0.098	0.641	0.034
37	0.650	0.020	0.251	0.007	39.995	1.197	984994.188	160526.000	1565.215	13.976	0.071	0.001	2.294	0.096	0.696	0.039
38	0.653	0.019	0.252	0.007	40.492	1.162	1022440.562	159397.484	1579.411	13.887	0.070	0.001	2.250	0.094	0.711	0.038
39	0.641	0.017	0.257	0.006	40.071	1.125	1093136.375	147912.750	1603.628	12.455	0.068	0.001	2.179	0.090	0.727	0.035
40	0.645	0.018	0.253	0.006	40.544	1.139	1132318.500	149400.891	1616.318	13.195	0.067	0.001	2.150	0.090	0.604	0.038
41	0.646	0.017	0.252	0.005	40.909	1.105	1064225.000	163009.453	1634.148	11.637	0.067	0.001	2.124	0.096	0.645	0.044
42	0.639	0.016	0.255	0.005	40.705	1.099	1051595.000	162201.000	1652.138	11.371	0.069	0.002	2.214	0.096	0.710	0.046
43	0.646	0.018	0.253	0.006	41.062	1.117	994229.188	172959.344	1648.592	14.441	0.067	0.001	2.093	0.092	0.701	0.039
44	0.653	0.020	0.245	0.007	41.600	1.233	956199.375	180488.375	1639.101	18.468	0.067	0.001	2.102	0.086	0.634	0.034
45	0.654	0.020	0.246	0.008	41.739	1.254	889541.812	184027.453	1642.698	20.312	0.068	0.001	2.176	0.070	0.784	0.043
46	0.646	0.019	0.249	0.008	41.476	1.247	775338.750	193019.344	1652.801	19.797	0.066	0.001	2.067	0.075	0.670	0.032
47	0.640	0.019	0.251	0.007	41.200	1.246	763592.062	190837.141	1659.916	19.206	0.066	0.001	2.105	0.074	0.675	0.038
48	0.632	0.018	0.254	0.006	40.846	1.184	830025.375	186044.281	1677.443	17.251	0.066	0.001	2.027	0.086	0.742	0.047
49	0.626	0.018	0.256	0.006	40.584	1.192	817348.875	184395.375	1683.887	16.805	0.065	0.001	2.013	0.082	0.733	0.039
50	0.630	0.018	0.254	0.006	41.069	1.221	846987.062	183554.078	1685.730	17.967	0.067	0.001	2.123	0.077	0.750	0.047
51	0.628	0.018	0.253	0.006	40.963	1.211	837438.562	183332.922	1689.840	17.739	0.064	0.001	1.947	0.087	0.743	0.043
52	0.623	0.017	0.256	0.005	40.402	1.168	971381.250	162858.719	1693.904	17.071	0.068	0.001	2.186	0.090	0.819	0.052
53	0.616	0.016	0.259	0.005	39.998	1.126	1028320.500	152223.062	1700.146	16.152	0.067	0.001	2.086	0.080	0.780	0.047
54	0.610	0.015	0.264	0.004	39.497	1.054	1088327.750	142596.797	1706.118	14.510	0.065	0.001	1.955	0.079	0.769	0.038
55	0.610	0.015	0.258	0.005	39.678	0.999	1200687.000	126125.109	1712.224	14.215	0.064	0.001	1.880	0.087	0.737	0.048
56	0.609	0.015	0.262	0.004	39.508	1.003	1191250.000	126351.094	1712.767	14.213	0.065	0.001	1.983	0.088	0.749	0.042
57	0.608	0.016	0.259	0.005	39.607	1.047	1186409.500	126415.969	1707.983	15.604	0.066	0.001	2.016	0.082	0.800	0.048
58	0.606	0.017	0.258	0.005	39.462	1.105	1086054.500	139229.812	1703.188	16.458	0.068	0.001	2.144	0.076	0.784	0.046
59	0.609	0.015	0.261	0.004	39.654	1.012	1090986.000	135953.516	1716.983	15.295	0.066	0.001	2.013	0.091	0.777	0.051
60	0.605	0.015	0.262	0.004	39.487	0.992	1077443.000	137895.844	1722.464	14.596	0.066	0.001	2.048	0.085	0.798	0.054
61	0.615	0.015	0.260	0.005	40.086	1.019	1113943.250	140074.953	1717.838	14.866	0.063	0.001	1.834	0.069	0.697	0.039
62	0.613	0.016	0.259	0.005	39.904	1.029	1098954.375	140835.062	1717.088	14.422	0.067	0.001	2.083	0.088	0.802	0.049
63	0.614	0.017	0.259	0.005	40.057	1.072	1106629.250	145017.094	1714.698	15.101	0.063	0.001	1.815	0.078	0.703	0.043
64	0.602	0.017	0.262	0.005	39.185	1.091	1055034.625	142671.312	1714.708	14.670	0.065	0.001	1.925	0.064	0.779	0.044
65	0.595	0.017	0.260	0.004	39.025	1.080	1036618.375	141938.484	1717.942	14.614	0.067	0.001	2.070	0.085	0.811	0.054
66	0.586	0.017	0.264	0.004	38.368	1.105	988997.188	140947.766	1715.152	15.451	0.066	0.001	1.935	0.061	0.809	0.036
67	0.587	0.019	0.257	0.006	38.458	1.225	1011494.938	135308.484	1699.732	18.033	0.067	0.001	2.022	0.074	0.835	0.054
68	0.599	0.018	0.257	0.006	39.350	1.174	965919.688	152764.391	1713.801	16.820	0.066	0.001	1.976	0.075	0.819	0.049
69	0.586	0.018	0.260	0.006	38.667	1.127	1013897.625	137845.531	1718.968	16.214	0.067	0.001	2.034	0.086	0.881	0.058
70	0.568	0.017	0.266	0.005	37.273	1.159	1002614.062	124825.219	1707.897	18.999	0.066	0.001	2.014	0.085	0.863	0.058
71	0.556	0.015	0.268	0.004	36.513	0.957	1218815.125	63136.320	1720.355	17.202	0.066	0.001	2.023	0.098	0.880	0.047
72	0.563	0.016	0.267	0.005	36.737	0.998	1137954.375	87381.914	1714.112	17.459	0.065	0.001	1.906	0.078	0.898	0.053
73	0.565	0.018	0.262	0.007	36.983	1.111	1050853.875	110572.625	1703.241	18.707	0.063	0.001	1.774	0.075	0.745	0.043
74	0.562	0.018	0.262	0.006	36.708	1.144	1034671.750	110781.945	1692.737	20.445	0.065	0.001	1.906	0.072	0.852	0.049
75	0.571	0.018	0.266	0.006	37.198	1.136	1057680.500	111987.508	1697.701	19.698	0.066	0.001	1.955	0.082	0.842	0.047
76	0.564	0.018	0.262	0.006	36.949	1.140	1035421.125	114219.141	1698.290	19.439	0.067	0.001	2.003	0.090	0.885	0.054
77	0.558	0.017	0.268	0.005	36.416	1.104	1006648.500	109123.883	1698.125	19.141	0.065	0.001	1.879	0.067	0.851	0.049
78	0.541	0.015	0.273	0.003	35.237	0.912	1115258.625	55852.105	1703.209	17.752	0.067	0.001	1.944	0.071	0.892	0.044
79	0.550	0.016	0.270	0.004	35.812	0.934	1149051.375	59048.496	1706.886	17.449	0.067	0.002	1.932	0.097	0.914	0.060
80	0.555	0.015	0.273	0.004	36.054	0.923	1161521.500	58331.949	1712.129	17.179	0.066	0.001	1.889	0.076	0.914	0.051
81	0.555	0.017	0.271	0.005	36.102	1.084	1087122.250	75070.617	1695.141	18.901	0.068	0.001	2.015	0.067	0.851	0.042
82	0.557	0.020	0.262	0.006	36.323	1.188	1016497.750	88266.875	1681.891	21.251	0.064	0.001	1.863	0.075	0.839	0.054
83	0.555	0.020	0.263	0.007	36.233	1.217	1010478.562	92388.578	1679.186	21.243	0.065	0.001	1.869	0.071	0.835	0.048
84	0.558	0.022	0.257	0.008	36.731	1.335	945427.062	109342.086	1668.939	23.450	0.068	0.001	2.039	0.093	0.896	0.063
85	0.553	0.022	0.259	0.007	36.378	1.348	917438.938	109897.359	1666.253	24.125	0.065	0.001	1.866	0.073	0.825	0.055
86	0.533	0.021	0.261	0.006	35.025	1.294	830820.312	117687.633	1655.604	23.622	0.066	0.001	1.862	0.081	0.810	0.042
87	0.522	0.018	0.266	0.005	34.306	1.104	962731.938	88111.930	1667.427	21.185	0.065	0.002	1.839	0.088	0.866	0.055
88	0.518	0.018	0.266	0.005	34.185	1.106	951017.125	88706.711	1670.631	21.327	0.067	0.001	1.960	0.069	0.927	0.049
89	0.506	0.016	0.269	0.004	33.523	1.017	1000264.062	59137.062	1676.544	21.058	0.065	0.001	1.828	0.067	0.900	0.046
90	0.516	0.018	0.269	0.005	33.882	1.065	1020319.500	62256.777	1671.166	20.708	0.066	0.001	1.890	0.085	0.861	0.049
91	0.516	0.018	0.267	0.005	33.980	1.050	1025905.250	63343.383	1675.724	19.854	0.063	0.001	1.724	0.066	0.776	0.042
92	0.514	0.017	0.270	0.005	33.732	1.008	1005804.062	60728.613	1673.618	20.475	0.066	0.001	1.910	0.088	0.870	0.049
93	0.509	0.016	0.272	0.004	33.484	1.007	986449.688	60294.293	1669.807	20.687	0.065	0.002	1.875	0.094	0.841	0.051
94	0.502	0.016	0.271	0.005	33.042	1.015	959490.750	59664.992	1662.838	21.696	0.067	0.001	1.905	0.078	0.872	0.049
95	0.492	0.017	0.270	0.005	32.150	1.070	822012.250	80700.406	1629.518	24.009	0.063	0.001	1.688	0.069	0.765	0.046
96	0.484	0.017	0.269	0.005	31.669	1.078	794498.375	79646.141	1620.449	24.594	0.064	0.001	1.756	0.085	0.765	0.050
97	0.489	0.017	0.270	0.005	31.991	1.112	809124.188	82911.219	1621.757	24.965	0.065	0.001	1.781	0.080	0.821	0.052
98	0.491	0.019	0.266	0.005	32.211	1.164	819480.250	88557.867	1619.459	23.513	0.067	0.001	1.938	0.079	0.849	0.048
99	0.488	0.018	0.270	0.005	32.000	1.140	805962.312	87078.047	1620.528	22.934	0.067	0.001	1.909	0.074	0.827	0.045
100	0.483	0.018	0.270	0.005	31.746	1.140	790321.125	86126.695	1618.608	23.232	0.064	0.001	1.711	0.057	0.831	0.043
101	0.474	0.017	0.271	0.004	31.035	1.108	746515.625	83435.672	1606.920	24.326	0.066	0.001	1.851	0.072	0.923	0.056
102	0.469	0.016	0.271	0.004	30.862	1.096	731800.250	84493.477	1607.713	23.795	0.064	0.001	1.757	0.077	0.768	0.051
103	0.463	0.017	0.267	0.004	30.315	1.129	797742.250	60510.992	1588.901	26.354	0.064	0.001	1.729	0.070	0.841	0.047
104	0.457	0.018	0.266	0.004	29.893	1.149	774223.625	60821.188	1579.872	26.596	0.064	0.002	1.721	0.085	0.775	0.050
105	0.456	0.017	0.266	0.004	29.789	1.142	767094.562	60332.797	1576.199	26.572	0.066	0.001	1.820	0.081	0.828	0.049
106	0.460	0.019	0.266	0.005	29.910	1.215	774916.500	64545.480	1564.283	26.104	0.064	0.001	1.683	0.080	0.799	0.052
107	0.466	0.021	0.261	0.006	30.383	1.325	702536.062	90626.852	1562.540	26.027	0.066	0.001	1.817	0.078	0.828	0.051
108	0.460	0.020	0.264	0.005	30.035	1.259	676037.750	88647.867	1563.131	25.560	0.063	0.002	1.689	0.083	0.742	0.051
109	0.451	0.019	0.267	0.005	29.410	1.225	641240.062	87024.430	1556.208	25.443	0.064	0.002	1.669	0.081	0.735	0.058
110	0.447	0.018	0.267	0.005	29.217	1.199	629905.500	86224.133	1555.982	25.506	0.064	0.001	1.711	0.076	0.751	0.050
111	0.451	0.019	0.264	0.005	29.368	1.236	746932.375	69042.781	1550.510	25.323	0.063	0.001	1.627	0.085	0.752	0.055
112	0.445	0.019	0.264	0.005	28.960	1.233	728395.438	68546.617	1538.560	25.351	0.063	0.002	1.616	0.084	0.793	0.054
113	0.442	0.019	0.262	0.004	28.872	1.213	718764.875	66640.266	1540.977	25.257	0.065	0.002	1.767	0.088	0.721	0.052
114	0.448	0.019	0.264	0.004	29.259	1.222	733696.500	66330.617	1548.779	24.429	0.065	0.001	1.702	0.083	0.761	0.052
115	0.447	0.020	0.262	0.005	29.196	1.263	735233.250	67910.445	1544.927	27.527	0.065	0.001	1.672	0.072	0.734	0.042
116	0.443	0.020	0.261	0.005	28.910	1.260	720527.250	66673.469	1539.837	28.317	0.063	0.001	1.597	0.074	0.729	0.046
117	0.444	0.019	0.264	0.005	29.020	1.228	720779.188	64638.105	1547.112	27.141	0.063	0.001	1.619	0.071	0.740	0.055
118	0.439	0.018	0.260	0.004	28.822	1.208	708279.188	63428.191	1548.118	27.780	0.063	0.001	1.612	0.081	0.777	0.051
119	0.445	0.020	0.261	0.005	29.072	1.288	717582.375	65591.359	1538.854	27.190	0.063	0.001	1.570	0.072	0.754	0.056
120	0.424	0.017	0.263	0.004	27.698	1.154	650340.688	59569.301	1525.530	27.634	0.062	0.001	1.530	0.080	0.736	0.057
121	0.422	0.017	0.263	0.004	27.538	1.134	639390.812	58234.055	1525.505	27.205	0.063	0.001	1.582	0.078	0.671	0.034
122	0.428	0.019	0.263	0.006	27.928	1.249	666934.062	67227.797	1521.796	28.065	0.061	0.001	1.503	0.065	0.684	0.047
123	0.434	0.020	0.259	0.006	28.245	1.306	687454.375	72256.047	1518.922	27.484	0.061	0.001	1.483	0.067	0.716	0.046
124	0.428	0.020	0.258	0.005	28.011	1.294	673636.562	70856.008	1515.532	28.008	0.061	0.002	1.504	0.076	0.622	0.038
125	0.421	0.020	0.259	0.005	27.296	1.293	638718.062	68501.867	1488.994	29.651	0.062	0.002	1.531	0.083	0.690	0.059
126	0.424	0.021	0.256	0.005	27.520	1.354	650604.062	71215.242	1483.903	29.400	0.062	0.001	1.491	0.067	0.691	0.044
127	0.421	0.020	0.257	0.005	27.331	1.334	639991.812	69535.758	1482.743	29.911	0.062	0.001	1.526	0.073	0.635	0.046
128	0.421	0.019	0.262	0.005	27.377	1.288	633923.500	67565.297	1493.787	27.990	0.063	0.001	1.585	0.065	0.675	0.045
129	0.412	0.018	0.266	0.005	26.656	1.206	591437.062	60231.824	1483.621	29.322	0.062	0.001	1.547	0.069	0.630	0.046
130	0.418	0.019	0.261	0.004	27.066	1.316	616129.688	66393.305	1479.943	29.858	0.063	0.001	1.571	0.074	0.644	0.043
131	0.438	0.023	0.260	0.007	28.412	1.517	684086.500	80530.758	1488.352	30.388	0.062	0.001	1.453	0.069	0.667	0.045
132	0.426	0.023	0.257	0.007	27.615	1.547	652073.625	78934.070	1465.089	35.898	0.060	0.001	1.401	0.065	0.653	0.042
133	0.418	0.022	0.258	0.007	27.130	1.475	621704.625	74441.742	1462.962	36.119	0.063	0.001	1.558	0.068	0.640	0.044
134	0.414	0.021	0.259	0.007	26.939	1.447	609723.375	71895.375	1463.065	36.668	0.065	0.002	1.601	0.080	0.658	0.039
135	0.417	0.020	0.262	0.006	26.997	1.418	607962.688	69256.617	1464.728	37.396	0.062	0.002	1.473	0.083	0.592	0.042
136	0.415	0.020	0.262	0.006	26.734	1.396	595978.062	67780.148	1459.197	37.642	0.061	0.001	1.431	0.068	0.604	0.043
137	0.409	0.020	0.263	0.006	26.187	1.377	567348.375	65562.641	1444.338	37.410	0.061	0.001	1.443	0.061	0.620	0.043
138	0.408	0.019	0.262	0.006	26.205	1.351	562746.062	64126.551	1449.438	37.318	0.062	0.002	1.437	0.077	0.619	0.042
139	0.406	0.019	0.264	0.005	26.126	1.339	557698.375	63130.422	1447.990	37.390	0.060	0.002	1.395	0.080	0.589	0.049
140	0.404	0.018	0.265	0.006	25.956	1.310	546859.062	60760.789	1447.433	37.519	0.062	0.001	1.431	0.060	0.653	0.040
141	0.408	0.018	0.266	0.005	26.292	1.294	555499.812	59641.359	1460.305	37.497	0.060	0.001	1.325	0.056	0.557	0.033
142	0.404	0.018	0.263	0.005	26.145	1.275	547594.500	58134.887	1457.841	37.599	0.062	0.002	1.417	0.076	0.645	0.048
143	0.395	0.017	0.264	0.005	25.573	1.235	518166.188	54585.664	1447.013	38.458	0.060	0.002	1.355	0.071	0.599	0.046
144	0.399	0.017	0.266	0.005	25.738	1.227	521662.469	53486.996	1451.069	39.178	0.061	0.001	1.351	0.059	0.639	0.048
145	0.394	0.018	0.266	0.006	25.274	1.226	503080.906	52970.441	1435.483	38.911	0.061	0.001	1.386	0.073	0.541	0.039
146	0.395	0.017	0.267	0.006	25.235	1.202	498249.031	51338.371	1436.597	39.306	0.061	0.001	1.385	0.070	0.657	0.051
147	0.397	0.016	0.271	0.005	25.357	1.165	498989.531	49862.758	1446.514	38.528	0.060	0.002	1.355	0.073	0.641	0.055
148	0.394	0.016	0.270	0.006	25.086	1.157	486151.875	48799.219	1439.109	38.269	0.061	0.001	1.383	0.069	0.570	0.039
149	0.405	0.020	0.265	0.006	25.944	1.346	523265.625	58760.035	1444.968	37.098	0.060	0.002	1.298	0.068	0.527	0.037
150	0.401	0.019	0.265	0.006	25.422	1.246	494999.125	52297.766	1430.573	35.643	0.058	0.001	1.223	0.067	0.502	0.037
151	0.401	0.018	0.267	0.006	25.342	1.224	488940.094	50645.250	1429.820	35.246	0.061	0.001	1.367	0.068	0.594	0.044
152	0.399	0.018	0.270	0.005	25.227	1.195	479390.750	49077.066	1429.464	34.538	0.058	0.002	1.217	0.071	0.503	0.038
153	0.399	0.018	0.270	0.005	25.238	1.236	485821.594	51220.383	1424.138	36.641	0.057	0.001	1.162	0.049	0.499	0.037
154	0.404	0.015	0.276	0.005	25.440	0.988	475216.406	36655.277	1455.186	34.790	0.061	0.001	1.301	0.070	0.584	0.039
155	0.407	0.014	0.279	0.005	25.748	0.977	480471.719	36315.605	1467.323	34.087	0.060	0.001	1.302	0.059	0.532	0.039
156	0.407	0.015	0.282	0.005	25.618	0.971	474075.875	36049.562	1465.254	34.108	0.060	0.001	1.281	0.064	0.506	0.037
157	0.402	0.014	0.278	0.005	25.532	0.980	469726.688	36265.754	1462.692	34.788	0.057	0.001	1.160	0.066	0.446	0.036
158	0.406	0.015	0.281	0.006	25.649	1.010	472809.875	37069.938	1463.876	35.348	0.063	0.002	1.414	0.072	0.537	0.036
159	0.407	0.014	0.287	0.006	25.710	1.011	472708.844	37025.820	1467.875	35.585	0.060	0.002	1.271	0.070	0.519	0.040
160	0.404	0.015	0.282	0.006	25.404	1.012	460674.281	36775.691	1451.475	36.125	0.060	0.001	1.208	0.055	0.489	0.038
161	0.399	0.016	0.283	0.006	25.063	1.029	450039.906	37286.504	1438.998	36.812	0.060	0.001	1.264	0.065	0.558	0.048
162	0.398	0.016	0.283	0.007	24.906	1.005	441865.375	36375.484	1437.293	36.604	0.062	0.001	1.335	0.068	0.529	0.042
163	0.402	0.015	0.281	0.006	25.265	0.999	452174.875	36881.348	1448.970	35.648	0.063	0.001	1.383	0.064	0.564	0.042
164	0.404	0.015	0.287	0.007	25.008	0.986	437573.094	34634.391	1437.595	35.389	0.062	0.001	1.270	0.066	0.514	0.034
165	0.397	0.015	0.281	0.006	24.903	0.980	433395.562	34557.207	1435.124	34.942	0.059	0.002	1.243	0.080	0.457	0.037
166	0.402	0.015	0.289	0.006	24.873	0.990	431784.906	35178.172	1431.810	34.967	0.058	0.002	1.141	0.068	0.488	0.035
167	0.399	0.014	0.284	0.006	24.937	0.986	433981.844	35632.371	1436.512	34.870	0.057	0.002	1.126	0.070	0.431	0.038
168	0.398	0.014	0.287	0.006	24.929	0.976	430178.562	34848.512	1439.983	34.945	0.058	0.002	1.166	0.066	0.460	0.037
169	0.397	0.014	0.283	0.006	25.054	0.961	431175.125	34840.332	1446.781	34.473	0.058	0.001	1.130	0.048	0.449	0.033
170	0.394	0.017	0.278	0.006	24.745	1.145	430842.281	40590.023	1413.423	39.179	0.059	0.001	1.178	0.060	0.430	0.028
171	0.396	0.017	0.277	0.007	24.795	1.144	424930.625	39838.312	1416.843	38.258	0.059	0.001	1.154	0.055	0.473	0.034
172	0.396	0.017	0.278	0.007	24.744	1.139	421599.625	39464.629	1415.827	38.024	0.057	0.001	1.085	0.055	0.438	0.027
173	0.397	0.017	0.283	0.007	24.705	1.122	418250.438	38786.582	1416.819	38.220	0.059	0.002	1.178	0.068	0.470	0.039
174	0.388	0.017	0.279	0.007	24.092	1.131	397930.094	38405.777	1394.640	39.452	0.059	0.002	1.187	0.091	0.442	0.042
175	0.395	0.017	0.279	0.007	24.342	1.139	406829.531	39293.602	1396.331	38.636	0.058	0.002	1.090	0.065	0.426	0.033
176	0.393	0.017	0.281	0.007	24.209	1.136	402313.562	38879.297	1391.345	39.427	0.055	0.002	1.017	0.066	0.396	0.031
177	0.391	0.017	0.279	0.007	24.076	1.136	397349.469	38798.855	1386.674	39.719	0.059	0.002	1.170	0.070	0.440	0.030
178	0.391	0.017	0.281	0.007	24.089	1.127	395575.312	38633.742	1389.874	39.760	0.058	0.002	1.137	0.080	0.395	0.031
179	0.395	0.017	0.282	0.007	24.225	1.165	399894.719	39199.125	1390.582	41.460	0.058	0.002	1.090	0.068	0.408	0.030
180	0.393	0.017	0.285	0.007	24.174	1.144	395071.469	38347.340	1392.091	41.250	0.056	0.002	1.072	0.069	0.369	0.030
181	0.389	0.015	0.288	0.006	23.882	1.061	378845.094	35359.840	1391.805	38.957	0.058	0.002	1.087	0.062	0.437	0.039
182	0.389	0.015	0.286	0.007	23.960	1.075	382055.188	36073.316	1395.055	39.579	0.057	0.002	1.083	0.071	0.413	0.038
183	0.384	0.016	0.283	0.007	23.503	1.110	370485.125	36769.309	1373.985	40.905	0.058	0.002	1.080	0.073	0.423	0.033
184	0.385	0.015	0.287	0.007	23.669	1.086	370863.312	35680.777	1382.239	40.233	0.056	0.002	1.022	0.056	0.380	0.027
185	0.384	0.016	0.284	0.007	23.241	1.055	349235.969	31948.592	1367.774	40.944	0.057	0.002	1.027	0.063	0.369	0.028
186	0.382	0.015	0.285	0.006	23.176	1.037	345801.875	31232.418	1368.667	40.777	0.055	0.002	0.962	0.065	0.360	0.028
187	0.379	0.015	0.283	0.007	23.039	1.014	338995.438	29821.980	1364.086	40.317	0.055	0.001	0.963	0.054	0.389	0.033
188	0.383	0.018	0.279	0.007	23.451	1.181	350198.094	35907.629	1364.958	39.395	0.057	0.002	1.008	0.067	0.402	0.030
189	0.386	0.018	0.283	0.008	23.537	1.179	349713.844	35423.676	1369.105	39.320	0.057	0.002	1.039	0.059	0.374	0.033
190	0.384	0.018	0.279	0.007	23.425	1.163	342874.906	34001.887	1364.548	38.857	0.057	0.002	1.008	0.059	0.375	0.035
191	0.387	0.018	0.284	0.007	23.574	1.149	345929.531	33506.141	1372.084	38.789	0.057	0.002	1.004	0.057	0.388	0.031
192	0.392	0.017	0.291	0.007	23.848	1.111	349600.125	31849.516	1386.189	38.283	0.057	0.002	1.034	0.065	0.383	0.033
193	0.388	0.017	0.286	0.008	23.648	1.090	340785.406	30458.002	1381.639	38.294	0.055	0.002	0.935	0.057	0.343	0.027
194	0.393	0.016	0.288	0.007	23.872	1.043	343783.562	29069.857	1394.490	36.591	0.059	0.002	1.070	0.069	0.381	0.028
195	0.393	0.017	0.285	0.006	24.080	1.137	350121.844	31694.174	1393.114	36.406	0.056	0.002	0.987	0.076	0.351	0.030
196	0.402	0.016	0.293	0.007	24.458	1.112	359644.156	31561.857	1406.940	35.321	0.055	0.002	0.919	0.060	0.342	0.035
197	0.405	0.017	0.291	0.007	24.751	1.180	373820.156	37572.121	1408.954	35.047	0.057	0.002	1.022	0.070	0.356	0.028
198	0.407	0.017	0.289	0.007	24.931	1.181	376852.844	37431.648	1416.493	35.310	0.057	0.002	1.012	0.068	0.371	0.038
199	0.404	0.017	0.289	0.006	24.806	1.158	372058.844	36214.031	1417.012	35.677	0.053	0.002	0.874	0.054	0.328	0.031
200	0.402	0.017	0.287	0.006	24.677	1.140	365680.969	35522.266	1414.652	35.150	0.056	0.002	0.948	0.057	0.351	0.029
201	0.396	0.016	0.290	0.007	23.917	1.078	342111.812	33294.465	1386.171	35.040	0.056	0.002	0.935	0.061	0.357	0.029
202	0.395	0.016	0.291	0.007	23.892	1.054	340002.312	32404.732	1389.813	34.856	0.056	0.002	0.941	0.061	0.345	0.028
203	0.412	0.016	0.299	0.007	24.973	1.025	365723.812	32637.008	1431.336	32.582	0.055	0.001	0.895	0.055	0.323	0.023
204	0.412	0.015	0.298	0.007	25.126	0.974	367008.406	31275.188	1440.721	30.893	0.056	0.001	0.917	0.044	0.334	0.025
205	0.410	0.015	0.300	0.007	25.070	0.981	363902.250	31206.072	1441.320	31.587	0.056	0.002	0.934	0.055	0.330	0.026
206	0.410	0.014	0.300	0.006	25.037	0.974	360642.375	30478.830	1443.548	31.280	0.057	0.002	0.943	0.066	0.331	0.023
207	0.411	0.014	0.300	0.006	25.107	0.953	360908.625	29668.117	1448.433	30.701	0.058	0.002	0.992	0.074	0.363	0.034
208	0.419	0.014	0.307	0.007	25.480	0.925	369026.188	29312.127	1465.137	30.000	0.055	0.002	0.883	0.055	0.308	0.025
209	0.419	0.014	0.306	0.006	25.412	0.955	368185.531	30498.498	1459.082	30.742	0.058	0.002	0.942	0.061	0.347	0.024
210	0.428	0.017	0.304	0.007	26.008	1.110	395442.625	42626.586	1463.854	31.363	0.058	0.002	0.970	0.060	0.344	0.034
211	0.426	0.017	0.301	0.007	25.983	1.092	391857.312	42503.613	1463.136	30.806	0.057	0.002	0.960	0.068	0.329	0.032
212	0.423	0.019	0.296	0.008	25.829	1.233	397246.594	48372.207	1441.012	32.496	0.055	0.002	0.864	0.058	0.323	0.025
213	0.430	0.018	0.302	0.008	26.285	1.214	405077.156	46982.855	1458.822	32.806	0.055	0.002	0.885	0.062	0.315	0.029
214	0.424	0.018	0.298	0.008	25.987	1.238	396112.719	46642.172	1450.266	35.743	0.059	0.002	1.007	0.073	0.368	0.034
215	0.425	0.018	0.305	0.008	25.883	1.215	389862.469	45496.723	1452.173	35.800	0.058	0.002	0.960	0.063	0.371	0.031
216	0.415	0.019	0.302	0.010	25.121	1.282	373379.625	45570.730	1419.734	43.403	0.058	0.002	0.953	0.066	0.359	0.031
217	0.414	0.018	0.308	0.010	24.828	1.228	357068.156	40607.148	1416.400	43.338	0.056	0.002	0.878	0.059	0.321	0.020
218	0.411	0.017	0.305	0.009	24.886	1.181	353211.000	38692.730	1424.682	41.675	0.057	0.002	0.933	0.064	0.295	0.021
219	0.411	0.017	0.308	0.009	24.506	1.206	344333.469	38903.652	1406.267	43.455	0.055	0.002	0.846	0.061	0.290	0.030
220	0.408	0.017	0.307	0.010	24.387	1.173	338156.594	37827.930	1407.133	43.679	0.054	0.002	0.794	0.055	0.310	0.025
221	0.412	0.017	0.309	0.009	24.682	1.132	339284.156	35796.973	1421.326	42.718	0.054	0.002	0.792	0.055	0.318	0.026
222	0.425	0.019	0.306	0.010	25.680	1.285	373293.375	43504.445	1435.151	42.368	0.054	0.002	0.812	0.060	0.306	0.030
223	0.434	0.020	0.310	0.010	26.229	1.364	384642.750	44197.516	1447.705	42.892	0.057	0.002	0.903	0.068	0.302	0.031
224	0.438	0.020	0.312	0.010	26.376	1.351	383328.188	43140.059	1453.496	42.383	0.059	0.002	0.921	0.056	0.308	0.026
225	0.433	0.019	0.312	0.010	26.159	1.321	375208.812	41535.195	1450.384	42.585	0.057	0.002	0.926	0.066	0.310	0.027
226	0.432	0.019	0.313	0.010	25.880	1.312	367645.719	41180.191	1440.827	43.319	0.056	0.002	0.845	0.061	0.309	0.026
227	0.436	0.021	0.304	0.010	26.260	1.417	381436.531	44389.559	1435.939	44.265	0.056	0.002	0.848	0.066	0.282	0.027
228	0.438	0.021	0.309	0.010	26.480	1.357	379868.094	43234.340	1452.417	41.059	0.055	0.002	0.832	0.062	0.301	0.028
229	0.431	0.018	0.320	0.010	25.845	1.205	353621.188	36976.633	1446.695	40.311	0.054	0.002	0.755	0.053	0.295	0.030
230	0.430	0.018	0.320	0.009	25.804	1.192	350491.031	36438.719	1448.566	40.039	0.057	0.002	0.877	0.062	0.326	0.038
231	0.429	0.018	0.316	0.009	25.758	1.186	348084.156	36265.480	1448.025	40.356	0.056	0.002	0.823	0.053	0.288	0.024
232	0.435	0.017	0.324	0.010	26.106	1.160	355712.188	35517.578	1463.131	40.528	0.058	0.002	0.887	0.056	0.319	0.027
233	0.425	0.017	0.326	0.010	25.355	1.169	337038.094	34393.934	1442.333	41.973	0.057	0.002	0.847	0.059	0.313	0.025
234	0.425	0.018	0.324	0.010	25.234	1.154	334916.344	34385.875	1433.764	41.541	0.053	0.002	0.756	0.060	0.273	0.031
235	0.426	0.018	0.325	0.010	25.266	1.178	336611.625	34720.219	1426.528	41.889	0.053	0.002	0.719	0.046	0.262	0.021
236	0.432	0.018	0.331	0.010	25.607	1.174	341682.750	33627.711	1439.904	42.195	0.053	0.002	0.731	0.052	0.260	0.023
237	0.433	0.019	0.328	0.010	25.702	1.223	348869.469	37891.570	1435.708	41.942	0.053	0.001	0.714	0.042	0.241	0.018
238	0.433	0.018	0.333	0.010	25.652	1.209	344328.969	37130.227	1438.919	41.951	0.055	0.002	0.775	0.056	0.302	0.029
239	0.428	0.017	0.332	0.010	25.207	1.176	332370.062	37075.402	1428.664	40.890	0.055	0.002	0.816	0.071	0.273	0.035
240	0.427	0.017	0.337	0.010	25.093	1.164	326350.250	36565.965	1428.412	40.553	0.054	0.002	0.752	0.062	0.293	0.029
241	0.424	0.016	0.333	0.009	25.067	1.148	323679.625	35772.098	1429.884	40.480	0.054	0.002	0.805	0.068	0.237	0.023
242	0.426	0.015	0.335	0.009	25.078	1.116	319812.281	33821.109	1436.542	40.022	0.052	0.002	0.663	0.042	0.252	0.021
243	0.423	0.015	0.334	0.009	24.919	1.114	313035.875	32989.023	1433.774	41.018	0.054	0.002	0.730	0.057	0.253	0.023
244	0.425	0.015	0.339	0.009	24.991	1.095	310668.469	31816.910	1440.084	41.180	0.055	0.002	0.769	0.056	0.253	0.022
245	0.429	0.015	0.344	0.010	25.180	1.070	313136.688	31552.336	1452.552	40.519	0.054	0.002	0.712	0.061	0.261	0.025
246	0.428	0.014	0.342	0.009	25.111	1.032	306836.312	30262.127	1456.010	38.801	0.056	0.002	0.804	0.072	0.286	0.033
247	0.440	0.015	0.352	0.010	26.026	1.036	323352.188	32980.750	1494.311	33.811	0.056	0.002	0.794	0.061	0.250	0.024
248	0.437	0.016	0.345	0.011	25.859	1.021	318287.625	31949.955	1488.384	34.064	0.058	0.002	0.797	0.065	0.302	0.026
249	0.440	0.015	0.353	0.011	25.755	1.039	315851.125	32247.189	1481.803	34.845	0.058	0.003	0.791	0.064	0.269	0.022
250	0.435	0.014	0.350	0.011	25.454	1.008	307083.781	30903.621	1470.852	34.320	0.055	0.003	0.721	0.068	0.261	0.031
251	0.437	0.013	0.347	0.010	25.740	0.975	311215.125	30344.625	1483.524	33.902	0.053	0.003	0.709	0.064	0.212	0.022
252	0.448	0.013	0.360	0.010	26.411	0.919	319340.594	28535.113	1512.291	30.998	0.054	0.002	0.726	0.064	0.256	0.026
253	0.445	0.013	0.357	0.009	26.315	0.902	315241.969	27889.287	1508.800	30.875	0.054	0.002	0.684	0.054	0.252	0.023
254	0.445	0.013	0.356	0.009	26.305	0.920	311380.219	27285.105	1507.889	32.572	0.056	0.002	0.717	0.052	0.237	0.024
255	0.444	0.013	0.357	0.009	26.077	0.859	299560.375	24202.656	1500.444	31.892	0.054	0.002	0.678	0.053	0.243	0.020
256	0.447	0.012	0.360	0.009	26.212	0.883	303917.000	25043.508	1499.435	32.903	0.057	0.002	0.772	0.061	0.242	0.023
257	0.444	0.013	0.359	0.009	26.237	0.878	302045.094	24599.604	1504.990	32.918	0.052	0.002	0.632	0.048	0.218	0.019
258	0.445	0.012	0.365	0.010	26.106	0.854	298375.312	24406.000	1503.604	32.842	0.057	0.002	0.736	0.058	0.273	0.027
259	0.441	0.012	0.362	0.009	26.095	0.837	294829.531	23877.654	1507.462	32.218	0.056	0.002	0.740	0.060	0.255	0.026
260	0.439	0.011	0.363	0.008	25.892	0.807	288932.969	23306.834	1505.308	31.338	0.056	0.002	0.741	0.067	0.270	0.030
261	0.436	0.011	0.361	0.010	25.594	0.800	281617.594	22779.654	1496.748	31.486	0.057	0.002	0.719	0.049	0.250	0.020
262	0.437	0.011	0.357	0.009	25.524	0.809	279275.031	22685.547	1493.980	31.802	0.055	0.002	0.714	0.071	0.261	0.034
263	0.438	0.011	0.361	0.009	25.460	0.796	276020.812	22063.410	1493.227	31.890	0.056	0.002	0.698	0.060	0.271	0.026
264	0.438	0.011	0.361	0.009	25.519	0.786	274681.594	21412.760	1492.424	31.574	0.055	0.002	0.707	0.057	0.233	0.030
265	0.443	0.011	0.371	0.010	25.683	0.796	276610.750	21266.633	1498.093	31.493	0.054	0.002	0.655	0.055	0.241	0.025
266	0.440	0.011	0.366	0.009	25.667	0.797	274620.656	21098.887	1497.136	31.507	0.052	0.002	0.623	0.054	0.226	0.023
267	0.447	0.011	0.377	0.010	25.837	0.759	276031.625	20753.896	1505.638	30.202	0.052	0.002	0.629	0.057	0.245	0.032
268	0.445	0.010	0.377	0.010	25.568	0.749	264982.562	19243.904	1497.289	30.050	0.050	0.002	0.570	0.046	0.197	0.019
269	0.442	0.010	0.376	0.010	25.474	0.735	260438.781	18742.990	1495.818	29.561	0.054	0.002	0.658	0.055	0.232	0.028
270	0.443	0.011	0.383	0.011	25.206	0.781	253650.266	19024.928	1483.892	33.202	0.053	0.002	0.605	0.042	0.225	0.020
271	0.440	0.011	0.376	0.011	25.340	0.707	250762.719	17525.459	1491.649	30.160	0.054	0.002	0.625	0.038	0.230	0.021
272	0.441	0.011	0.379	0.011	25.258	0.702	248180.578	17462.232	1488.709	29.472	0.053	0.002	0.605	0.053	0.219	0.021
273	0.434	0.011	0.375	0.010	25.135	0.715	248243.859	19370.504	1486.978	29.998	0.054	0.002	0.613	0.041	0.235	0.020
274	0.435	0.011	0.377	0.010	25.183	0.707	246516.453	18945.191	1491.701	29.985	0.054	0.002	0.646	0.056	0.251	0.022
275	0.442	0.010	0.387	0.010	25.427	0.655	250088.844	18500.334	1503.181	26.643	0.053	0.002	0.630	0.061	0.201	0.022
276	0.437	0.010	0.385	0.010	25.079	0.662	244203.312	18962.076	1490.728	26.122	0.051	0.002	0.569	0.049	0.209	0.021
277	0.440	0.010	0.381	0.010	25.084	0.657	242739.859	18793.994	1489.415	26.404	0.052	0.002	0.628	0.061	0.208	0.029
278	0.439	0.011	0.378	0.010	24.858	0.642	234908.938	17895.275	1481.159	26.476	0.055	0.002	0.624	0.048	0.223	0.020
279	0.453	0.015	0.376	0.011	25.829	0.914	260141.281	27523.607	1492.197	26.539	0.056	0.002	0.667	0.053	0.217	0.025
280	0.449	0.015	0.374	0.012	25.742	0.897	256890.562	27174.014	1493.437	26.554	0.054	0.002	0.609	0.052	0.213	0.020
281	0.447	0.014	0.371	0.011	25.724	0.908	255039.016	27253.180	1493.726	27.607	0.053	0.002	0.575	0.033	0.188	0.017
282	0.434	0.010	0.376	0.010	24.756	0.657	227033.625	16857.533	1481.988	29.313	0.051	0.002	0.564	0.046	0.224	0.023
283	0.426	0.011	0.369	0.010	24.187	0.681	213962.953	15861.666	1457.251	30.108	0.053	0.002	0.534	0.032	0.208	0.019
284	0.426	0.011	0.376	0.010	24.023	0.656	209202.859	15234.353	1455.171	29.348	0.051	0.002	0.549	0.050	0.215	0.022
285	0.418	0.011	0.367	0.010	23.856	0.644	204874.906	14894.246	1452.239	28.788	0.048	0.002	0.467	0.040	0.171	0.017
286	0.411	0.011	0.366	0.010	23.379	0.629	194093.297	14076.801	1436.063	27.829	0.053	0.002	0.535	0.043	0.231	0.019
287	0.421	0.013	0.372	0.010	24.092	0.866	203795.703	16024.561	1449.777	29.026	0.054	0.002	0.555	0.053	0.225	0.025
288	0.419	0.013	0.371	0.010	24.042	0.855	200840.859	15564.354	1451.050	29.019	0.051	0.002	0.502	0.046	0.197	0.022
289	0.417	0.013	0.363	0.011	24.163	0.867	203794.812	16404.381	1456.734	29.862	0.053	0.002	0.576	0.050	0.201	0.028
290	0.419	0.013	0.366	0.011	24.080	0.866	200705.578	15946.304	1455.149	30.229	0.051	0.002	0.489	0.036	0.184	0.024
291	0.422	0.013	0.373	0.011	23.858	0.857	195925.625	15497.157	1449.301	30.128	0.050	0.002	0.501	0.039	0.165	0.018
292	0.415	0.012	0.379	0.013	23.525	0.751	189301.047	14596.067	1445.107	29.478	0.053	0.002	0.559	0.052	0.201	0.017
293	0.417	0.012	0.375	0.012	23.509	0.748	187049.719	14269.615	1443.263	29.319	0.052	0.002	0.516	0.040	0.192	0.016
294	0.415	0.011	0.381	0.012	23.304	0.723	183020.188	13762.772	1436.128	29.314	0.051	0.002	0.504	0.047	0.167	0.017
295	0.431	0.016	0.378	0.013	24.028	1.044	206747.078	24338.568	1426.730	31.638	0.050	0.002	0.484	0.047	0.169	0.020
296	0.433	0.016	0.377	0.014	24.230	1.040	206625.266	24305.562	1433.337	30.615	0.051	0.002	0.526	0.057	0.172	0.018
297	0.438	0.015	0.388	0.014	24.082	1.027	202775.688	24140.168	1426.067	30.952	0.049	0.002	0.475	0.046	0.178	0.020
298	0.438	0.016	0.393	0.015	24.005	1.005	199224.578	23234.955	1422.928	30.922	0.050	0.002	0.467	0.046	0.156	0.017
299	0.434	0.017	0.391	0.017	23.781	1.010	193432.359	22751.762	1413.825	32.162	0.053	0.002	0.523	0.045	0.178	0.016
300	0.436	0.016	0.388	0.014	24.012	1.001	194950.625	22402.262	1421.425	32.398	0.051	0.002	0.472	0.042	0.173	0.015
301	0.439	0.014	0.389	0.013	24.370	0.933	198027.734	21377.443	1439.607	29.939	0.051	0.002	0.484	0.045	0.172	0.017
302	0.433	0.014	0.384	0.014	24.074	0.929	191640.547	20627.793	1429.120	31.855	0.055	0.002	0.544	0.045	0.205	0.021
303	0.431	0.015	0.386	0.015	23.466	0.945	180799.188	20486.047	1402.872	34.154	0.049	0.002	0.442	0.041	0.166	0.016
304	0.435	0.015	0.392	0.014	23.592	0.931	181744.953	20019.432	1407.353	33.490	0.054	0.002	0.490	0.038	0.207	0.022
305	0.433	0.015	0.391	0.015	23.607	0.923	180431.719	19445.715	1408.991	33.582	0.052	0.002	0.470	0.039	0.168	0.015
306	0.432	0.014	0.390	0.014	23.463	0.924	177592.125	19424.693	1400.030	34.891	0.053	0.002	0.493	0.043	0.177	0.015
307	0.431	0.015	0.390	0.015	23.363	0.923	175397.844	19062.328	1398.580	35.489	0.049	0.003	0.456	0.046	0.182	0.019
308	0.427	0.014	0.389	0.015	23.222	0.924	172115.594	18662.062	1396.580	35.924	0.048	0.002	0.447	0.044	0.156	0.019
309	0.436	0.015	0.403	0.016	23.496	0.915	168625.875	15750.696	1411.556	39.693	0.051	0.003	0.450	0.043	0.162	0.018
310	0.436	0.016	0.402	0.017	23.599	0.945	171009.703	16942.990	1411.798	39.288	0.047	0.002	0.385	0.034	0.144	0.015
311	0.431	0.016	0.394	0.017	23.354	0.962	166817.797	16685.719	1404.141	41.815	0.051	0.002	0.442	0.042	0.181	0.020
312	0.428	0.016	0.392	0.016	23.420	0.957	165739.297	16580.584	1412.101	41.888	0.051	0.003	0.467	0.049	0.200	0.027
313	0.431	0.015	0.404	0.016	23.142	0.957	162137.562	16775.863	1402.957	41.954	0.051	0.002	0.465	0.046	0.173	0.020
314	0.434	0.015	0.411	0.016	23.542	0.873	161968.312	16312.249	1430.971	35.293	0.051	0.002	0.445	0.042	0.154	0.015
315	0.429	0.016	0.402	0.018	23.254	0.955	159103.562	16240.736	1417.068	41.761	0.051	0.002	0.447	0.041	0.152	0.014
316	0.424	0.016	0.394	0.017	23.029	1.024	159865.219	17953.789	1404.944	44.537	0.048	0.002	0.390	0.035	0.152	0.017
317	0.428	0.016	0.398	0.017	23.069	1.014	161377.188	17995.293	1407.225	44.815	0.050	0.002	0.402	0.034	0.154	0.015
318	0.426	0.018	0.393	0.018	22.827	1.191	167015.000	23752.805	1380.081	53.100	0.049	0.002	0.411	0.044	0.159	0.019
319	0.452	0.018	0.410	0.017	24.104	1.110	180545.484	23949.662	1434.439	43.802	0.047	0.002	0.335	0.031	0.145	0.014
320	0.445	0.017	0.411	0.016	23.634	1.031	166954.359	18095.648	1423.589	44.200	0.048	0.002	0.396	0.040	0.128	0.012
321	0.446	0.017	0.410	0.017	23.578	1.013	164464.688	17515.477	1420.906	44.300	0.047	0.002	0.366	0.036	0.135	0.014
322	0.446	0.017	0.405	0.017	23.358	1.006	159582.672	16927.047	1407.706	44.447	0.048	0.003	0.378	0.040	0.147	0.019
323	0.448	0.016	0.409	0.016	23.407	0.966	157093.828	16168.022	1412.202	42.094	0.048	0.002	0.372	0.037	0.137	0.013
324	0.455	0.018	0.418	0.019	23.599	1.025	160538.625	17989.504	1411.284	40.700	0.049	0.002	0.398	0.042	0.141	0.014
325	0.453	0.018	0.423	0.018	23.444	1.035	158156.984	18283.100	1403.464	40.959	0.046	0.002	0.329	0.032	0.127	0.010
326	0.451	0.018	0.421	0.018	23.187	1.045	154118.203	18007.793	1392.898	41.631	0.047	0.003	0.381	0.051	0.138	0.015
327	0.450	0.016	0.425	0.017	23.351	0.991	153292.844	17735.426	1407.890	37.202	0.046	0.003	0.359	0.045	0.125	0.013
328	0.447	0.016	0.427	0.017	23.049	1.009	149812.438	17464.928	1396.812	39.443	0.047	0.002	0.355	0.041	0.142	0.016
329	0.448	0.016	0.431	0.018	23.057	0.980	148365.234	16910.898	1405.452	39.248	0.049	0.003	0.366	0.037	0.146	0.015
330	0.454	0.017	0.436	0.018	23.056	0.964	146906.297	16860.980	1410.552	38.415	0.049	0.002	0.385	0.039	0.129	0.013
331	0.448	0.017	0.431	0.018	22.972	0.955	144591.344	16487.766	1409.834	37.372	0.050	0.002	0.381	0.041	0.159	0.018
332	0.448	0.017	0.424	0.018	22.934	0.973	141706.453	15944.343	1406.873	37.395	0.049	0.003	0.372	0.043	0.139	0.018
333	0.456	0.020	0.427	0.020	23.156	1.227	155655.344	23053.695	1389.293	44.469	0.044	0.002	0.280	0.026	0.101	0.008
334	0.449	0.020	0.419	0.018	22.942	1.205	151178.500	21701.836	1380.783	45.055	0.047	0.003	0.355	0.040	0.131	0.013
335	0.457	0.021	0.432	0.019	23.089	1.206	151279.719	21812.818	1389.910	44.839	0.048	0.003	0.367	0.052	0.146	0.023
336	0.462	0.019	0.426	0.018	23.380	1.209	155821.234	22293.043	1395.833	45.470	0.051	0.003	0.367	0.040	0.158	0.017
337	0.466	0.021	0.431	0.019	23.422	1.264	155753.188	22504.393	1394.864	47.370	0.049	0.002	0.341	0.036	0.139	0.013
338	0.458	0.021	0.418	0.019	23.629	1.273	154935.062	21592.357	1401.586	49.411	0.050	0.002	0.334	0.031	0.136	0.013
339	0.463	0.021	0.429	0.021	23.453	1.267	152231.203	21147.488	1396.438	50.128	0.047	0.002	0.317	0.033	0.143	0.018
340	0.467	0.020	0.450	0.019	23.668	1.171	150144.391	20654.867	1419.245	43.012	0.049	0.003	0.379	0.048	0.150	0.017
341	0.473	0.021	0.441	0.020	24.081	1.241	154038.875	20645.340	1424.622	46.256	0.043	0.003	0.312	0.045	0.129	0.015
342	0.475	0.020	0.442	0.019	23.961	1.237	152383.484	20666.686	1416.755	46.968	0.045	0.002	0.285	0.028	0.124	0.012
343	0.470	0.022	0.438	0.021	23.592	1.295	149061.422	20259.045	1395.314	52.853	0.045	0.003	0.327	0.046	0.128	0.015
344	0.464	0.022	0.437	0.022	22.881	1.340	141565.125	19759.297	1361.261	59.549	0.046	0.003	0.299	0.034	0.132	0.013
345	0.460	0.020	0.438	0.021	22.937	1.323	140528.500	19634.107	1371.748	59.702	0.047	0.003	0.300	0.033	0.115	0.011
346	0.460	0.022	0.447	0.023	22.892	1.319	139026.828	19576.119	1371.977	59.610	0.048	0.003	0.343	0.039	0.151	0.017
347	0.459	0.021	0.436	0.022	23.167	1.268	138188.688	19165.045	1388.657	57.049	0.048	0.003	0.309	0.031	0.132	0.014
348	0.458	0.021	0.438	0.022	23.345	1.253	138079.000	18680.777	1401.792	57.481	0.045	0.003	0.293	0.034	0.103	0.011
349	0.450	0.020	0.449	0.021	21.808	1.216	118986.406	14603.732	1335.659	58.783	0.044	0.003	0.290	0.040	0.118	0.013
350	0.463	0.019	0.465	0.021	22.755	1.068	122073.391	13879.771	1395.858	50.245	0.047	0.003	0.310	0.038	0.149	0.024
351	0.469	0.018	0.471	0.021	22.793	1.018	120392.391	13562.428	1402.636	48.448	0.046	0.003	0.320	0.042	0.117	0.013
352	0.467	0.018	0.462	0.021	22.814	1.028	119236.344	13379.503	1403.609	50.212	0.042	0.002	0.245	0.030	0.101	0.011
353	0.468	0.018	0.473	0.021	23.003	1.032	119411.289	13309.644	1416.083	50.288	0.043	0.002	0.249	0.030	0.104	0.012
354	0.468	0.018	0.479	0.023	23.051	1.042	118756.109	13330.864	1419.088	51.085	0.050	0.003	0.327	0.038	0.123	0.012
355	0.481	0.021	0.474	0.025	23.539	1.034	120063.562	13252.278	1438.856	50.237	0.043	0.003	0.247	0.030	0.100	0.014
356	0.485	0.018	0.484	0.023	23.435	1.015	117798.609	13059.267	1439.914	49.698	0.043	0.003	0.252	0.031	0.128	0.018
357	0.476	0.019	0.473	0.023	22.972	1.108	113229.961	13221.215	1416.743	54.347	0.044	0.003	0.246	0.028	0.108	0.013
358	0.493	0.023	0.487	0.025	23.142	1.164	113738.812	13311.850	1419.945	55.710	0.045	0.003	0.250	0.028	0.106	0.012
359	0.494	0.021	0.488	0.023	24.527	1.155	120941.102	12833.093	1479.171	52.711	0.044	0.003	0.248	0.030	0.108	0.013
360	0.497	0.020	0.498	0.024	24.575	1.184	120536.633	13631.211	1471.117	52.567	0.051	0.002	0.303	0.032	0.142	0.019
361	0.490	0.020	0.490	0.023	24.067	1.162	119699.289	13955.030	1452.768	51.484	0.046	0.003	0.255	0.030	0.111	0.013
362	0.484	0.021	0.485	0.023	23.663	1.140	113054.062	13304.965	1440.849	50.754	0.045	0.003	0.266	0.033	0.105	0.013
363	0.483	0.019	0.486	0.023	23.482	1.136	110840.727	12965.806	1435.543	51.525	0.044	0.003	0.250	0.028	0.101	0.011
364	0.489	0.020	0.495	0.022	23.376	1.109	108491.617	12740.284	1432.859	51.392	0.046	0.003	0.266	0.035	0.108	0.011
365	0.491	0.021	0.493	0.024	23.323	1.085	106862.531	12442.274	1434.151	51.060	0.044	0.003	0.247	0.033	0.125	0.015
366	0.486	0.022	0.484	0.023	23.353	1.229	112023.508	16913.176	1416.712	53.824	0.051	0.003	0.300	0.037	0.143	0.016
367	0.485	0.022	0.483	0.023	23.258	1.231	110999.711	16940.072	1415.839	54.509	0.048	0.003	0.269	0.029	0.121	0.015
368	0.480	0.021	0.480	0.024	22.999	1.220	106191.070	16182.230	1406.512	53.718	0.048	0.003	0.276	0.039	0.115	0.011
369	0.485	0.021	0.495	0.023	23.381	1.122	105750.594	15591.984	1437.290	45.837	0.045	0.003	0.236	0.029	0.101	0.012
370	0.489	0.021	0.494	0.023	23.565	1.117	106537.602	15158.364	1444.471	46.792	0.053	0.003	0.303	0.035	0.127	0.014
371	0.486	0.021	0.489	0.024	23.580	1.090	104883.453	14607.548	1448.947	45.180	0.046	0.003	0.244	0.027	0.099	0.011
372	0.476	0.021	0.478	0.024	23.368	1.056	103493.258	14576.856	1444.334	42.767	0.048	0.003	0.251	0.033	0.111	0.012
373	0.479	0.022	0.478	0.023	23.479	1.089	105006.758	14464.650	1439.803	43.012	0.045	0.003	0.242	0.035	0.102	0.012
374	0.481	0.021	0.499	0.022	23.314	1.104	102730.117	14272.597	1427.036	44.134	0.043	0.003	0.231	0.034	0.100	0.011
375	0.478	0.021	0.488	0.022	23.248	1.110	101355.953	14016.062	1421.576	44.645	0.047	0.003	0.244	0.029	0.113	0.014
376	0.484	0.022	0.491	0.023	23.329	1.114	101036.703	14270.378	1422.525	44.618	0.041	0.003	0.195	0.025	0.092	0.010
377	0.483	0.022	0.494	0.023	23.445	1.119	102752.008	14417.995	1422.135	45.010	0.045	0.003	0.241	0.033	0.109	0.014
378	0.500	0.022	0.517	0.023	23.446	1.143	101648.750	14353.469	1420.382	47.218	0.045	0.003	0.230	0.032	0.098	0.011
379	0.491	0.020	0.507	0.022	23.349	1.125	99757.406	13935.790	1421.798	47.784	0.046	0.003	0.263	0.037	0.103	0.013
380	0.489	0.021	0.492	0.021	23.431	1.141	98900.648	13321.608	1422.013	50.015	0.048	0.004	0.245	0.032	0.130	0.022
381	0.490	0.021	0.496	0.022	23.392	1.133	96394.258	12455.516	1423.612	49.081	0.051	0.003	0.284	0.036	0.117	0.013
382	0.491	0.023	0.502	0.023	22.619	1.156	87045.383	10623.401	1384.927	52.294	0.046	0.003	0.220	0.028	0.121	0.018
383	0.481	0.022	0.487	0.021	22.491	1.156	85922.469	10500.433	1374.774	52.965	0.043	0.003	0.220	0.030	0.107	0.014
384	0.498	0.021	0.501	0.022	22.522	1.081	83942.258	9906.308	1380.709	50.725	0.044	0.003	0.205	0.025	0.100	0.015
385	0.504	0.025	0.489	0.024	22.958	1.172	84426.422	9684.691	1386.081	52.081	0.041	0.003	0.202	0.027	0.096	0.014
386	0.510	0.025	0.494	0.023	22.926	1.143	82724.016	9514.854	1388.187	50.269	0.043	0.003	0.200	0.027	0.098	0.014
387	0.508	0.024	0.490	0.022	22.455	1.128	78806.078	9510.601	1369.329	49.915	0.042	0.002	0.170	0.018	0.079	0.007
388	0.498	0.025	0.473	0.022	22.393	1.158	78127.180	9569.411	1366.119	50.684	0.043	0.003	0.186	0.026	0.105	0.013
389	0.501	0.026	0.468	0.022	22.910	1.333	84688.609	11995.687	1370.497	52.450	0.041	0.003	0.189	0.027	0.087	0.012
390	0.515	0.027	0.481	0.022	22.947	1.425	90647.000	13321.039	1351.055	60.648	0.045	0.003	0.213	0.029	0.091	0.010
391	0.511	0.025	0.491	0.021	22.664	1.376	85242.680	11919.980	1348.063	59.408	0.052	0.003	0.243	0.031	0.118	0.016
392	0.527	0.026	0.502	0.023	22.684	1.367	80268.641	10681.826	1345.956	58.956	0.052	0.004	0.228	0.027	0.118	0.012
393	0.513	0.026	0.491	0.021	22.130	1.319	77083.523	10438.626	1326.165	58.473	0.045	0.004	0.190	0.023	0.106	0.014
394	0.507	0.027	0.483	0.022	21.842	1.323	73935.383	10011.874	1312.393	58.001	0.046	0.003	0.186	0.024	0.089	0.009
395	0.492	0.027	0.488	0.022	21.119	1.304	72464.914	9971.980	1290.339	62.648	0.046	0.003	0.191	0.027	0.104	0.011
396	0.496	0.023	0.507	0.022	20.831	1.194	66830.344	8258.944	1288.529	61.568	0.041	0.003	0.187	0.041	0.088	0.013
397	0.487	0.023	0.501	0.023	21.029	1.201	70012.359	9250.740	1301.453	60.294	0.037	0.004	0.169	0.030	0.070	0.009
398	0.499	0.026	0.501	0.025	21.552	1.235	72277.000	9426.332	1318.048	60.055	0.040	0.003	0.168	0.027	0.070	0.008
399	0.503	0.025	0.507	0.024	21.934	1.292	77549.789	11868.388	1329.468	61.311	0.038	0.003	0.166	0.029	0.073	0.010
400	0.497	0.023	0.510	0.024	21.801	1.309	78104.352	12457.913	1327.011	61.720	0.043	0.003	0.164	0.023	0.099	0.013
401	0.498	0.023	0.521	0.026	22.176	1.275	76932.398	12068.099	1363.132	59.209	0.046	0.004	0.174	0.025	0.104	0.013
402	0.508	0.025	0.535	0.027	22.366	1.332	78177.969	11952.153	1364.314	59.953	0.043	0.004	0.166	0.025	0.089	0.012
403	0.505	0.024	0.537	0.026	22.754	1.279	78496.008	11517.429	1389.516	58.458	0.045	0.004	0.194	0.029	0.101	0.014
404	0.503	0.025	0.540	0.027	22.464	1.250	75690.383	11309.710	1384.147	57.487	0.038	0.003	0.151	0.022	0.086	0.012
405	0.504	0.025	0.548	0.028	22.632	1.307	73938.562	11078.980	1388.699	62.355	0.047	0.006	0.158	0.022	0.104	0.019
406	0.503	0.025	0.555	0.028	22.901	1.351	70476.688	10683.247	1405.913	65.164	0.041	0.003	0.153	0.023	0.090	0.012
407	0.505	0.024	0.559	0.028	22.650	1.300	68303.938	10321.149	1396.803	62.091	0.044	0.004	0.175	0.026	0.096	0.014
408	0.507	0.024	0.566	0.028	22.736	1.254	66313.891	9320.622	1409.134	61.226	0.040	0.004	0.138	0.023	0.070	0.012
409	0.502	0.024	0.560	0.027	22.549	1.271	64611.703	9076.484	1398.384	61.405	0.043	0.004	0.157	0.023	0.090	0.013
410	0.504	0.024	0.562	0.027	22.312	1.237	62387.785	8753.562	1387.267	59.541	0.035	0.003	0.122	0.020	0.068	0.011
411	0.498	0.023	0.565	0.027	22.254	1.150	60873.703	8574.956	1402.391	53.931	0.038	0.003	0.137	0.025	0.068	0.008
412	0.487	0.024	0.546	0.028	21.897	1.189	57052.551	8151.855	1381.097	55.615	0.045	0.004	0.184	0.030	0.086	0.011
413	0.499	0.023	0.559	0.027	22.097	1.202	55904.301	7920.692	1379.726	56.653	0.038	0.003	0.125	0.017	0.073	0.010
414	0.510	0.025	0.566	0.029	22.201	1.244	57154.398	8002.144	1372.838	57.652	0.036	0.004	0.127	0.022	0.068	0.009
415	0.516	0.026	0.568	0.029	22.863	1.282	57635.250	7928.084	1405.899	59.304	0.038	0.004	0.131	0.019	0.076	0.012
416	0.518	0.025	0.567	0.029	23.081	1.330	59322.836	8934.628	1410.612	61.953	0.038	0.004	0.131	0.022	0.067	0.008
417	0.516	0.026	0.579	0.030	22.374	1.347	54873.137	8583.931	1385.305	65.077	0.041	0.004	0.138	0.022	0.090	0.013
418	0.522	0.026	0.575	0.031	23.221	1.335	59710.121	9318.431	1423.719	63.742	0.038	0.004	0.130	0.020	0.069	0.009
419	0.508	0.027	0.563	0.031	22.948	1.268	58151.328	9193.494	1418.453	60.431	0.041	0.004	0.150	0.024	0.086	0.014
420	0.520	0.026	0.569	0.031	23.520	1.254	59171.414	9086.595	1450.954	60.372	0.041	0.004	0.146	0.025	0.078	0.013
421	0.519	0.026	0.583	0.030	23.407	1.211	56724.691	8223.593	1455.783	59.151	0.039	0.005	0.139	0.025	0.077	0.013
422	0.513	0.026	0.581	0.031	24.048	1.216	57096.664	8042.184	1511.505	56.003	0.038	0.003	0.123	0.020	0.065	0.009
423	0.524	0.027	0.588	0.031	23.897	1.192	56302.531	8218.368	1511.213	55.135	0.045	0.007	0.136	0.021	0.083	0.014
424	0.531	0.026	0.587	0.030	24.277	1.217	58221.203	8398.422	1523.872	58.389	0.039	0.004	0.136	0.022	0.068	0.010
425	0.538	0.024	0.608	0.029	24.222	1.143	56614.004	8075.415	1523.094	54.819	0.040	0.004	0.129	0.026	0.061	0.007
426	0.543	0.024	0.607	0.029	23.944	1.089	54830.094	7808.775	1514.536	54.786	0.045	0.004	0.143	0.021	0.075	0.011
427	0.546	0.024	0.605	0.029	24.717	1.140	56364.965	7778.354	1522.764	55.620	0.047	0.005	0.170	0.025	0.098	0.017
428	0.565	0.024	0.657	0.028	24.650	1.029	55916.215	7460.770	1553.491	49.825	0.042	0.005	0.152	0.025	0.084	0.013
429	0.563	0.022	0.658	0.027	24.371	1.013	55274.719	7458.871	1540.703	51.622	0.041	0.005	0.145	0.025	0.080	0.013
430	0.560	0.020	0.656	0.026	24.489	0.933	54412.203	7451.658	1547.538	48.539	0.034	0.003	0.101	0.016	0.060	0.009
431	0.559	0.021	0.647	0.027	24.475	0.927	54143.359	7460.851	1537.068	47.783	0.042	0.004	0.128	0.020	0.072	0.009
432	0.550	0.021	0.655	0.027	24.153	1.061	52498.570	7484.870	1523.934	55.696	0.040	0.004	0.128	0.027	0.062	0.008
433	0.551	0.022	0.653	0.027	23.993	1.033	52129.023	7199.243	1519.208	54.370	0.044	0.005	0.152	0.026	0.087	0.014
434	0.555	0.022	0.655	0.026	24.315	0.984	52378.664	7085.945	1538.252	47.725	0.033	0.004	0.100	0.016	0.059	0.010
435	0.533	0.021	0.626	0.027	24.097	0.957	51696.148	7090.031	1536.046	46.800	0.038	0.004	0.105	0.016	0.054	0.008
436	0.541	0.023	0.645	0.030	23.895	1.086	50746.297	7185.555	1526.099	60.417	0.037	0.004	0.120	0.021	0.070	0.011
437	0.547	0.025	0.646	0.031	24.137	1.118	50838.309	7284.917	1538.614	62.302	0.036	0.005	0.111	0.019	0.071	0.012
438	0.534	0.021	0.630	0.027	24.658	1.042	51840.254	7192.234	1559.953	55.932	0.039	0.004	0.131	0.026	0.073	0.014
439	0.535	0.021	0.634	0.030	24.546	1.043	50403.051	6973.164	1575.468	65.397	0.032	0.004	0.113	0.019	0.064	0.012
440	0.518	0.027	0.584	0.031	23.096	1.364	51131.160	7408.334	1426.183	72.911	0.036	0.005	0.093	0.014	0.064	0.011
441	0.520	0.026	0.585	0.031	23.308	1.394	50367.363	7234.928	1442.603	73.960	0.030	0.004	0.103	0.019	0.053	0.010
442	0.525	0.027	0.593	0.031	23.443	1.362	49966.641	7140.132	1454.246	72.864	0.035	0.004	0.133	0.026	0.067	0.013
443	0.516	0.027	0.580	0.032	23.367	1.397	49231.180	7113.488	1455.034	75.261	0.031	0.004	0.100	0.020	0.070	0.014
444	0.511	0.027	0.574	0.033	23.150	1.359	47377.184	7010.076	1454.987	74.987	0.031	0.004	0.087	0.018	0.056	0.009
445	0.499	0.028	0.560	0.033	22.789	1.408	44876.996	6831.889	1441.549	77.921	0.036	0.004	0.111	0.021	0.060	0.010
446	0.508	0.030	0.570	0.034	22.764	1.472	44219.285	6972.859	1432.121	78.701	0.030	0.004	0.090	0.018	0.058	0.010
447	0.494	0.030	0.552	0.035	22.498	1.604	41136.305	6394.564	1391.823	75.657	0.030	0.005	0.106	0.023	0.057	0.014
448	0.505	0.028	0.581	0.032	23.067	1.485	40212.797	6317.692	1434.654	66.052	0.036	0.004	0.096	0.017	0.057	0.008
449	0.503	0.027	0.570	0.033	23.218	1.487	39293.672	6207.022	1450.077	66.069	0.039	0.005	0.130	0.033	0.063	0.011
450	0.506	0.027	0.580	0.033	23.011	1.483	36033.445	5702.366	1458.871	67.410	0.029	0.004	0.094	0.020	0.044	0.008
451	0.491	0.026	0.559	0.032	22.488	1.415	34365.320	5604.951	1440.335	68.613	0.036	0.006	0.104	0.021	0.066	0.012
452	0.500	0.025	0.573	0.032	22.125	1.451	32146.357	5455.331	1411.072	68.379	0.036	0.005	0.094	0.021	0.062	0.011
453	0.495	0.026	0.564	0.031	22.004	1.473	31857.150	5475.556	1407.232	67.984	0.023	0.003	0.069	0.016	0.036	0.007
454	0.489	0.022	0.583	0.031	21.140	1.173	29456.949	4879.136	1411.201	70.018	0.031	0.004	0.075	0.014	0.058	0.012
455	0.494	0.023	0.601	0.031	21.111	1.179	28865.719	4807.500	1418.629	69.803	0.028	0.005	0.071	0.015	0.045	0.009
456	0.512	0.025	0.630	0.034	21.239	1.224	28309.307	4728.128	1424.976	73.036	0.030	0.006	0.086	0.024	0.056	0.017
457	0.517	0.025	0.638	0.033	21.789	1.234	29474.285	4884.605	1441.917	72.165	0.031	0.005	0.071	0.018	0.048	0.008
458	0.509	0.026	0.630	0.035	21.563	1.230	28114.590	4764.553	1452.978	72.512	0.029	0.005	0.099	0.033	0.058	0.015
459	0.507	0.026	0.627	0.035	21.091	1.319	27061.400	4715.437	1418.806	79.915	0.031	0.005	0.081	0.017	0.048	0.008
460	0.496	0.027	0.605	0.036	20.994	1.347	26557.428	4672.225	1413.859	81.883	0.038	0.006	0.090	0.017	0.055	0.010
461	0.492	0.026	0.608	0.036	21.019	1.364	26557.186	4671.498	1414.648	86.026	0.034	0.006	0.075	0.015	0.048	0.009
462	0.510	0.028	0.626	0.037	21.216	1.457	26717.270	4748.968	1417.482	88.604	0.034	0.007	0.077	0.016	0.050	0.009
463	0.514	0.029	0.625	0.037	21.727	1.445	28006.082	4793.131	1443.246	87.375	0.030	0.005	0.070	0.013	0.047	0.009
464	0.504	0.030	0.609	0.036	21.348	1.378	27946.307	4776.149	1420.728	89.025	0.032	0.005	0.067	0.013	0.053	0.011
465	0.485	0.025	0.582	0.034	20.753	1.319	27052.689	4694.687	1375.634	86.205	0.039	0.005	0.110	0.021	0.076	0.014
466	0.500	0.027	0.602	0.035	20.479	1.367	26825.020	4809.755	1362.367	89.093	0.033	0.005	0.069	0.012	0.049	0.008
467	0.494	0.028	0.598	0.036	20.525	1.356	26605.861	4817.630	1370.593	88.295	0.035	0.005	0.103	0.021	0.064	0.012
468	0.485	0.027	0.597	0.039	20.419	1.386	25947.051	4747.533	1383.288	97.082	0.024	0.005	0.076	0.021	0.047	0.013
469	0.496	0.028	0.606	0.040	20.608	1.358	25889.686	4641.854	1390.127	97.249	0.035	0.006	0.071	0.014	0.059	0.011
470	0.480	0.030	0.571	0.039	20.780	1.340	25560.359	4452.288	1380.207	85.590	0.031	0.005	0.067	0.013	0.046	0.009
471	0.496	0.030	0.560	0.041	21.424	1.372	25553.617	4328.722	1393.074	87.868	0.032	0.006	0.066	0.013	0.045	0.008
472	0.516	0.030	0.583	0.036	21.150	1.382	25493.824	4353.319	1353.918	79.734	0.040	0.007	0.107	0.020	0.081	0.015
473	0.494	0.030	0.549	0.038	20.527	1.459	25630.965	4406.543	1301.148	88.835	0.025	0.005	0.064	0.015	0.048	0.010
474	0.500	0.032	0.555	0.041	20.314	1.515	24702.412	4232.692	1293.526	95.588	0.032	0.005	0.066	0.014	0.041	0.007
475	0.528	0.034	0.578	0.042	21.041	1.479	24784.418	4110.664	1318.873	95.056	0.032	0.005	0.069	0.015	0.045	0.008
476	0.504	0.032	0.558	0.043	20.615	1.512	24287.764	4048.949	1288.982	98.978	0.028	0.005	0.070	0.020	0.048	0.015
477	0.512	0.034	0.559	0.045	21.351	1.532	24284.494	3943.059	1321.478	100.267	0.029	0.004	0.073	0.017	0.047	0.008
478	0.510	0.035	0.542	0.044	21.530	1.708	26580.957	5025.991	1289.451	101.290	0.031	0.005	0.066	0.014	0.043	0.008
479	0.517	0.037	0.547	0.046	22.392	1.821	28808.064	6009.366	1322.048	105.199	0.032	0.006	0.076	0.016	0.054	0.012
480	0.526	0.037	0.567	0.047	22.257	1.840	28010.223	5885.579	1324.452	107.045	0.029	0.005	0.065	0.014	0.042	0.009
481	0.554	0.040	0.595	0.047	23.062	1.888	28063.896	5803.308	1352.682	105.914	0.038	0.006	0.070	0.016	0.052	0.010
482	0.539	0.041	0.573	0.048	22.493	1.960	28609.154	5904.302	1301.138	109.169	0.034	0.006	0.070	0.013	0.045	0.008
483	0.535	0.042	0.571	0.047	22.171	1.940	27852.785	5643.107	1301.098	107.121	0.048	0.008	0.120	0.023	0.074	0.013
484	0.531	0.042	0.556	0.047	22.300	1.932	27117.766	5492.141	1289.994	104.033	0.028	0.007	0.085	0.031	0.055	0.022
485	0.534	0.042	0.567	0.047	22.049	1.911	26766.846	5319.906	1301.243	107.646	0.035	0.006	0.081	0.022	0.042	0.007
486	0.525	0.041	0.553	0.045	22.394	2.055	27053.719	5574.020	1292.315	106.205	0.025	0.005	0.050	0.012	0.035	0.008
487	0.531	0.041	0.566	0.049	22.810	1.984	26736.508	5301.527	1348.911	112.472	0.031	0.006	0.075	0.017	0.050	0.012
488	0.522	0.041	0.570	0.051	21.871	1.952	24938.145	5248.585	1328.989	114.329	0.038	0.007	0.104	0.025	0.058	0.011
489	0.508	0.040	0.531	0.047	20.750	1.943	23148.793	5090.600	1245.044	110.410	0.031	0.006	0.073	0.022	0.044	0.009
490	0.504	0.042	0.519	0.047	21.480	1.964	23555.600	4929.242	1275.840	108.804	0.037	0.007	0.081	0.019	0.062	0.014
491	0.503	0.041	0.513	0.047	21.050	1.844	21907.592	4676.646	1274.210	109.062	0.024	0.005	0.040	0.009	0.034	0.008
492	0.488	0.040	0.490	0.049	20.537	1.877	22916.676	5278.911	1240.751	114.221	0.031	0.007	0.081	0.023	0.039	0.009
493	0.480	0.041	0.485	0.048	19.848	1.977	23045.633	5475.017	1199.874	118.439	0.024	0.005	0.066	0.016	0.035	0.008
494	0.491	0.041	0.511	0.049	20.483	1.881	22252.445	5100.355	1283.722	117.161	0.027	0.005	0.073	0.020	0.043	0.011
495	0.466	0.040	0.529	0.052	19.554	1.868	20771.484	4643.319	1247.867	123.791	0.031	0.006	0.052	0.010	0.041	0.008
496	0.472	0.040	0.524	0.053	20.054	1.885	20766.535	4494.033	1257.084	124.806	0.022	0.004	0.053	0.015	0.042	0.012
497	0.483	0.039	0.530	0.052	20.851	1.902	21774.006	4793.288	1309.655	122.509	0.021	0.005	0.054	0.016	0.035	0.011
498	0.467	0.040	0.523	0.054	19.988	1.911	19383.098	4672.758	1275.949	124.787	0.022	0.005	0.049	0.014	0.034	0.009
499	0.487	0.044	0.534	0.055	20.235	1.949	19156.484	4738.533	1278.112	124.556	0.026	0.005	0.066	0.018	0.050	0.014
500	0.463	0.045	0.520	0.055	19.783	1.983	19115.465	4782.304	1262.366	128.031	0.020	0.005	0.052	0.016	0.031	0.008
