Mating System: Maternal Dominant Sporophytic Self Incompatibility, with Distance-Dependent Pollination

Runs=100, Generations=500, Initial PopSize=250, Safe Sites=0.250, First Reproduction=2
Maximum Per-Capita Ovule Production=100.000, Seed Establishment=0.050, Deathrate=0.050
Pollen Dispersal Range=142, Seed Dispersal Range=50, SI Alleles=10, Neutral Alleles=3

GEN	NPOLL	ERR1	VPOLL	ERR2	SDS1	ERR3	VFSD1	ERR4	VMSD1	ERR5	SDS2	ERR6	VFSD2	ERR7	VMSD2	ERR8
0	.	.	.	.	.	.	.	.	.	.	.	.	.	.	.	.
1	0.827	0.009	0.192	0.005	7.906	0.091	14187.013	317.643	15.654	0.514	0.077	0.003	0.906	0.074	0.414	0.059
2	0.838	0.009	0.212	0.005	11.324	0.123	29804.262	618.917	35.279	0.919	0.118	0.003	2.593	0.129	0.203	0.016
3	0.838	0.008	0.229	0.005	14.496	0.156	49532.398	1015.692	63.972	1.442	0.164	0.003	4.091	0.183	0.503	0.025
4	0.829	0.009	0.251	0.005	17.011	0.186	71980.703	1553.124	104.749	2.035	0.201	0.003	5.550	0.184	1.412	0.067
5	0.811	0.010	0.266	0.005	18.777	0.215	95027.000	2207.192	156.188	2.691	0.204	0.003	5.959	0.173	1.797	0.072
6	0.789	0.010	0.271	0.005	19.898	0.230	117969.289	2798.867	213.677	2.983	0.190	0.003	5.850	0.177	1.527	0.062
7	0.776	0.011	0.269	0.005	20.974	0.256	144959.344	3617.381	269.944	3.519	0.181	0.002	5.938	0.193	1.447	0.058
8	0.761	0.011	0.268	0.006	22.041	0.279	175602.219	4544.625	329.035	3.979	0.174	0.002	6.073	0.186	1.426	0.060
9	0.746	0.011	0.270	0.005	22.853	0.292	206193.797	5441.664	390.383	4.368	0.163	0.002	5.856	0.155	1.303	0.051
10	0.738	0.011	0.272	0.005	23.672	0.296	239998.359	6387.765	451.299	4.868	0.153	0.002	5.420	0.157	1.261	0.049
11	0.726	0.011	0.269	0.005	24.435	0.316	275665.500	7696.717	512.459	5.668	0.143	0.002	5.293	0.151	1.095	0.041
12	0.715	0.012	0.268	0.005	25.260	0.342	315313.469	9074.245	575.723	6.189	0.132	0.001	4.858	0.120	0.960	0.035
13	0.707	0.012	0.264	0.005	26.093	0.370	358270.156	10706.541	637.626	6.783	0.126	0.002	4.702	0.129	0.943	0.041
14	0.695	0.012	0.268	0.005	26.865	0.382	400604.469	12027.440	707.515	7.134	0.120	0.002	4.558	0.120	0.872	0.034
15	0.687	0.011	0.268	0.004	27.845	0.409	452191.406	13829.427	780.054	7.302	0.117	0.001	4.450	0.119	0.827	0.029
16	0.680	0.012	0.268	0.005	28.568	0.431	498213.406	15605.102	849.671	8.246	0.107	0.001	3.954	0.111	0.733	0.031
17	0.678	0.013	0.260	0.005	29.537	0.474	558035.875	18413.947	918.871	9.080	0.101	0.001	3.660	0.099	0.696	0.025
18	0.673	0.013	0.264	0.005	30.359	0.510	612504.188	20823.227	992.453	9.674	0.100	0.001	3.761	0.120	0.702	0.027
19	0.674	0.014	0.261	0.005	31.462	0.547	679475.250	23635.176	1064.875	10.548	0.095	0.001	3.465	0.109	0.674	0.027
20	0.664	0.013	0.264	0.005	31.890	0.566	721644.938	25661.070	1121.343	10.323	0.091	0.001	3.318	0.099	0.608	0.028
21	0.658	0.013	0.260	0.004	32.397	0.586	766254.375	28056.996	1155.526	10.375	0.090	0.001	3.246	0.100	0.619	0.024
22	0.649	0.013	0.264	0.004	32.663	0.598	798884.000	29890.617	1189.655	9.920	0.087	0.001	3.169	0.099	0.619	0.025
23	0.642	0.013	0.264	0.004	33.097	0.624	841197.062	32155.068	1221.895	9.605	0.084	0.001	3.084	0.081	0.577	0.022
24	0.644	0.013	0.260	0.004	33.902	0.651	902489.438	34820.211	1253.218	9.427	0.082	0.001	2.861	0.076	0.579	0.022
25	0.639	0.013	0.262	0.004	34.250	0.675	940120.812	37173.191	1289.048	9.742	0.081	0.001	2.879	0.079	0.591	0.023
26	0.640	0.013	0.261	0.004	34.977	0.683	992821.938	38642.387	1327.971	9.421	0.079	0.001	2.788	0.091	0.580	0.027
27	0.642	0.014	0.258	0.005	35.548	0.730	1046523.750	42857.641	1354.364	10.232	0.076	0.001	2.586	0.070	0.595	0.024
28	0.651	0.015	0.249	0.006	36.629	0.796	1131486.500	48962.453	1373.651	12.152	0.075	0.001	2.491	0.073	0.586	0.019
29	0.663	0.016	0.245	0.006	37.747	0.832	1218168.750	52833.203	1392.873	13.427	0.075	0.001	2.605	0.074	0.594	0.026
30	0.665	0.016	0.244	0.006	38.392	0.857	1219681.875	64716.340	1416.419	14.539	0.073	0.001	2.412	0.070	0.603	0.024
31	0.660	0.015	0.245	0.006	38.741	0.864	1213326.000	73281.477	1446.692	14.384	0.073	0.001	2.455	0.071	0.614	0.028
32	0.656	0.015	0.246	0.005	38.948	0.874	1141435.375	87668.719	1469.076	13.962	0.072	0.001	2.353	0.076	0.625	0.025
33	0.647	0.014	0.250	0.005	38.952	0.884	1109306.500	93036.555	1495.182	13.446	0.070	0.001	2.347	0.065	0.579	0.024
34	0.653	0.015	0.249	0.005	39.512	0.883	1062694.000	104397.438	1515.606	13.392	0.070	0.001	2.340	0.069	0.629	0.027
35	0.656	0.015	0.248	0.005	39.948	0.885	1000590.250	113216.531	1529.184	13.821	0.070	0.001	2.232	0.060	0.644	0.029
36	0.652	0.014	0.251	0.005	39.926	0.876	1007092.938	111106.539	1550.838	13.576	0.071	0.001	2.358	0.071	0.670	0.031
37	0.648	0.014	0.250	0.005	40.007	0.886	874740.188	121605.742	1562.922	13.537	0.071	0.001	2.336	0.062	0.693	0.027
38	0.648	0.014	0.250	0.005	40.103	0.893	897429.438	121767.656	1575.244	13.166	0.069	0.001	2.212	0.058	0.682	0.028
39	0.648	0.013	0.251	0.005	40.382	0.843	979810.062	114485.898	1593.990	13.128	0.069	0.001	2.153	0.068	0.725	0.030
40	0.669	0.014	0.246	0.005	41.830	0.832	946176.938	124616.992	1602.200	13.681	0.068	0.001	2.132	0.060	0.676	0.029
41	0.672	0.014	0.244	0.005	42.230	0.835	941300.312	128640.328	1610.541	13.872	0.067	0.001	2.077	0.057	0.676	0.029
42	0.670	0.014	0.246	0.005	42.315	0.848	865233.125	133185.797	1619.854	14.060	0.069	0.001	2.185	0.060	0.719	0.030
43	0.668	0.013	0.246	0.005	42.497	0.842	926779.125	130823.727	1633.900	13.714	0.067	0.001	2.141	0.059	0.686	0.028
44	0.658	0.013	0.250	0.004	42.075	0.830	993380.625	125115.633	1648.252	13.320	0.065	0.001	2.019	0.055	0.712	0.034
45	0.658	0.013	0.249	0.004	42.116	0.840	969257.062	126058.953	1650.677	13.151	0.067	0.001	2.120	0.054	0.710	0.029
46	0.648	0.013	0.250	0.004	41.766	0.841	851481.188	131496.781	1659.887	12.839	0.067	0.001	2.097	0.060	0.720	0.033
47	0.650	0.011	0.254	0.004	42.056	0.767	998045.938	124919.781	1677.746	11.370	0.067	0.001	2.091	0.062	0.746	0.031
48	0.652	0.011	0.254	0.004	42.292	0.727	968273.125	127113.008	1689.064	10.746	0.066	0.001	2.027	0.058	0.754	0.034
49	0.650	0.011	0.256	0.004	42.208	0.720	1016545.438	123248.320	1695.154	9.990	0.066	0.001	2.026	0.062	0.717	0.029
50	0.646	0.011	0.256	0.004	42.118	0.720	961268.062	125241.070	1702.494	10.515	0.065	0.001	1.980	0.057	0.724	0.032
51	0.644	0.011	0.257	0.004	42.045	0.721	953935.250	126192.609	1708.123	10.414	0.067	0.001	2.130	0.061	0.778	0.031
52	0.641	0.012	0.254	0.004	42.068	0.764	908017.375	128168.984	1706.197	11.814	0.066	0.001	2.054	0.051	0.744	0.031
53	0.640	0.012	0.256	0.004	41.967	0.763	909350.938	129248.133	1710.311	11.638	0.067	0.001	2.075	0.057	0.805	0.036
54	0.632	0.012	0.256	0.004	41.380	0.756	911237.188	128186.000	1714.028	11.500	0.068	0.001	2.117	0.055	0.826	0.032
55	0.625	0.011	0.260	0.004	41.003	0.757	884822.312	128030.453	1719.645	11.167	0.066	0.001	2.071	0.066	0.817	0.034
56	0.625	0.012	0.257	0.004	40.964	0.789	853400.250	126828.852	1715.152	11.946	0.066	0.001	2.043	0.059	0.816	0.032
57	0.624	0.013	0.257	0.005	41.002	0.814	820894.375	127406.414	1716.052	13.258	0.065	0.001	1.974	0.055	0.781	0.032
58	0.615	0.012	0.257	0.004	40.515	0.802	952834.062	115958.930	1718.392	13.085	0.066	0.001	2.060	0.057	0.850	0.037
59	0.609	0.012	0.259	0.004	40.179	0.803	926773.250	116028.766	1716.070	13.218	0.065	0.001	1.961	0.054	0.794	0.030
60	0.605	0.011	0.264	0.004	39.808	0.726	978313.812	111668.102	1727.779	10.751	0.065	0.001	1.961	0.055	0.846	0.030
61	0.595	0.011	0.264	0.003	39.289	0.729	987135.125	106652.695	1730.644	10.356	0.066	0.001	2.058	0.060	0.843	0.039
62	0.592	0.011	0.263	0.003	39.150	0.733	1016114.062	104213.922	1730.411	10.485	0.065	0.001	1.905	0.051	0.834	0.034
63	0.595	0.013	0.263	0.004	39.280	0.794	926475.938	113195.578	1722.037	12.398	0.065	0.001	1.929	0.054	0.828	0.036
64	0.588	0.012	0.261	0.004	39.006	0.783	913620.062	113802.297	1726.552	11.637	0.066	0.001	2.020	0.064	0.860	0.040
65	0.582	0.012	0.262	0.004	38.687	0.793	933236.562	110343.070	1726.237	11.633	0.066	0.001	1.991	0.053	0.876	0.036
66	0.578	0.012	0.265	0.004	38.247	0.776	988252.188	102148.633	1724.248	11.259	0.066	0.001	1.989	0.057	0.856	0.040
67	0.573	0.013	0.264	0.004	37.930	0.780	1058656.250	91551.203	1721.195	11.357	0.066	0.001	1.980	0.061	0.848	0.040
68	0.566	0.013	0.264	0.003	37.495	0.797	984858.188	96170.062	1717.340	11.938	0.065	0.001	1.962	0.055	0.865	0.036
69	0.559	0.012	0.267	0.003	36.986	0.747	1037862.250	87820.148	1717.982	10.935	0.064	0.001	1.859	0.058	0.863	0.038
70	0.555	0.012	0.269	0.003	36.627	0.734	1111538.625	73222.406	1713.721	10.928	0.066	0.001	1.990	0.060	0.879	0.033
71	0.551	0.012	0.269	0.003	36.401	0.732	1092103.500	72538.859	1714.078	11.312	0.067	0.001	2.000	0.053	0.941	0.037
72	0.545	0.012	0.269	0.003	36.028	0.755	1071103.750	69972.516	1707.299	12.264	0.065	0.001	1.953	0.059	0.898	0.042
73	0.544	0.012	0.268	0.003	35.794	0.746	1054575.750	70061.180	1700.934	12.658	0.065	0.001	1.916	0.056	0.843	0.036
74	0.545	0.013	0.267	0.004	35.744	0.792	1011930.375	72765.172	1693.539	13.325	0.065	0.001	1.919	0.049	0.886	0.033
75	0.543	0.014	0.262	0.004	35.759	0.841	972420.812	73985.352	1684.193	14.581	0.066	0.001	1.964	0.053	0.867	0.033
76	0.539	0.014	0.261	0.004	35.563	0.894	1005626.812	69266.344	1677.071	15.301	0.066	0.001	1.975	0.060	0.888	0.040
77	0.534	0.014	0.262	0.004	35.262	0.885	983996.938	69396.328	1675.462	15.111	0.066	0.001	1.957	0.052	0.857	0.032
78	0.536	0.014	0.263	0.004	35.298	0.867	1025132.500	64935.457	1676.283	14.338	0.066	0.001	1.946	0.052	0.853	0.034
79	0.525	0.014	0.263	0.003	34.550	0.877	981818.312	64451.414	1664.039	15.265	0.067	0.001	2.029	0.067	0.882	0.040
80	0.522	0.014	0.265	0.003	34.305	0.868	964910.250	64636.234	1660.833	14.785	0.065	0.001	1.873	0.057	0.853	0.038
81	0.526	0.015	0.260	0.004	34.557	0.926	900647.625	73180.844	1650.777	15.375	0.067	0.001	1.976	0.055	0.930	0.042
82	0.525	0.015	0.260	0.004	34.493	0.948	844994.062	79198.352	1645.222	15.523	0.066	0.001	1.919	0.056	0.881	0.032
83	0.521	0.015	0.259	0.004	34.150	0.952	821616.625	79589.477	1635.380	15.440	0.066	0.001	1.961	0.058	0.890	0.039
84	0.524	0.016	0.257	0.004	34.270	0.985	830561.188	77596.820	1629.020	15.799	0.067	0.001	1.989	0.061	0.898	0.041
85	0.520	0.016	0.257	0.005	33.987	0.993	810228.938	77808.578	1621.774	16.259	0.066	0.001	1.919	0.054	0.864	0.033
86	0.520	0.016	0.257	0.005	33.883	0.993	748227.375	83748.789	1615.642	16.472	0.065	0.001	1.904	0.059	0.889	0.040
87	0.513	0.016	0.256	0.004	33.585	0.986	727486.188	84104.289	1612.806	16.278	0.065	0.001	1.861	0.049	0.824	0.035
88	0.517	0.015	0.260	0.004	33.709	0.981	736923.625	83397.891	1615.438	15.384	0.065	0.001	1.872	0.052	0.854	0.035
89	0.514	0.015	0.261	0.004	33.651	0.979	731446.250	83785.859	1617.532	15.206	0.065	0.001	1.844	0.062	0.881	0.044
90	0.514	0.015	0.263	0.004	33.714	0.949	728771.375	84116.156	1625.755	14.565	0.066	0.001	1.887	0.056	0.901	0.036
91	0.509	0.014	0.263	0.004	33.459	0.941	709085.125	85211.555	1626.321	14.537	0.066	0.001	1.943	0.052	0.865	0.038
92	0.507	0.014	0.264	0.003	33.381	0.925	799419.750	75388.930	1630.617	14.256	0.066	0.001	1.920	0.060	0.892	0.041
93	0.501	0.014	0.262	0.003	33.139	0.920	735427.125	80055.094	1630.137	14.316	0.065	0.001	1.853	0.050	0.863	0.039
94	0.510	0.015	0.262	0.004	33.599	0.944	765255.188	81719.109	1630.450	13.811	0.067	0.001	1.949	0.065	0.886	0.043
95	0.507	0.014	0.263	0.004	33.451	0.924	750831.125	82020.109	1634.780	13.657	0.066	0.001	1.913	0.060	0.813	0.034
96	0.509	0.015	0.263	0.004	33.471	0.936	751047.938	84024.688	1632.755	13.735	0.066	0.001	1.854	0.054	0.873	0.035
97	0.497	0.014	0.263	0.003	32.646	0.921	750104.062	77959.945	1620.685	14.859	0.066	0.001	1.842	0.053	0.903	0.040
98	0.494	0.014	0.267	0.003	32.295	0.881	763148.938	75148.328	1617.430	15.141	0.066	0.001	1.901	0.057	0.908	0.039
99	0.495	0.013	0.266	0.003	32.332	0.872	761349.125	74983.094	1618.285	15.422	0.064	0.001	1.743	0.048	0.825	0.033
100	0.493	0.014	0.265	0.004	32.079	0.913	750348.000	73898.625	1603.595	16.343	0.065	0.001	1.839	0.055	0.846	0.038
101	0.487	0.014	0.266	0.004	31.814	0.919	775538.625	69257.930	1600.324	16.971	0.065	0.001	1.812	0.054	0.777	0.033
102	0.481	0.014	0.266	0.003	31.407	0.912	751698.000	69245.500	1594.044	17.421	0.063	0.001	1.698	0.054	0.797	0.037
103	0.478	0.014	0.265	0.003	31.255	0.913	739162.750	70111.852	1591.482	17.265	0.065	0.001	1.838	0.064	0.865	0.050
104	0.475	0.015	0.263	0.004	31.084	0.948	773744.375	66792.844	1580.376	18.024	0.065	0.001	1.790	0.055	0.844	0.037
105	0.477	0.015	0.263	0.004	31.110	0.975	826857.750	62428.574	1573.287	18.581	0.064	0.001	1.739	0.051	0.801	0.040
106	0.475	0.015	0.263	0.004	30.933	0.963	814488.938	61419.199	1571.423	18.510	0.062	0.001	1.646	0.055	0.739	0.031
107	0.474	0.015	0.264	0.004	30.895	0.976	812298.250	62457.992	1566.921	18.579	0.065	0.001	1.795	0.057	0.823	0.039
108	0.468	0.015	0.262	0.003	30.650	0.961	793311.375	61616.020	1567.267	18.629	0.063	0.001	1.698	0.054	0.750	0.033
109	0.468	0.014	0.264	0.003	30.666	0.952	794138.000	62010.449	1571.918	17.741	0.065	0.001	1.763	0.050	0.780	0.037
110	0.463	0.013	0.265	0.003	30.248	0.890	762821.188	58715.746	1572.821	16.934	0.065	0.001	1.776	0.056	0.828	0.038
111	0.459	0.014	0.264	0.003	29.963	0.908	705973.938	64483.180	1565.228	16.869	0.066	0.001	1.785	0.055	0.818	0.034
112	0.449	0.013	0.266	0.003	29.277	0.867	663952.625	61184.883	1555.873	17.197	0.064	0.001	1.688	0.053	0.787	0.036
113	0.445	0.013	0.268	0.003	28.946	0.856	696946.875	54553.172	1549.209	17.260	0.064	0.001	1.689	0.057	0.757	0.037
114	0.450	0.015	0.261	0.004	29.375	0.943	671794.500	62447.570	1544.230	17.768	0.063	0.001	1.661	0.053	0.746	0.032
115	0.448	0.014	0.262	0.004	29.182	0.935	657714.812	62363.840	1539.170	18.280	0.063	0.001	1.637	0.047	0.739	0.032
116	0.451	0.015	0.263	0.004	29.286	0.952	656426.562	62823.270	1535.247	18.135	0.065	0.001	1.675	0.052	0.760	0.035
117	0.445	0.014	0.262	0.004	28.955	0.931	635003.062	61847.109	1531.306	18.020	0.065	0.001	1.710	0.059	0.796	0.043
118	0.448	0.014	0.264	0.004	29.177	0.944	643265.312	63604.449	1532.537	18.239	0.064	0.001	1.705	0.062	0.781	0.046
119	0.441	0.014	0.261	0.003	28.766	0.931	677390.625	57285.762	1524.136	18.423	0.065	0.001	1.749	0.060	0.743	0.040
120	0.439	0.013	0.265	0.003	28.532	0.908	664245.625	56165.078	1523.443	18.993	0.064	0.001	1.649	0.054	0.774	0.035
121	0.432	0.014	0.261	0.004	28.084	0.924	640251.375	56842.094	1505.336	19.076	0.066	0.001	1.737	0.058	0.768	0.037
122	0.425	0.014	0.261	0.004	27.634	0.934	620675.812	56367.414	1491.468	20.559	0.063	0.001	1.625	0.056	0.726	0.038
123	0.422	0.014	0.259	0.004	27.405	0.920	607927.000	55312.945	1488.403	20.824	0.063	0.001	1.609	0.056	0.687	0.037
124	0.418	0.013	0.261	0.003	27.081	0.908	636152.812	48982.000	1480.971	21.528	0.063	0.001	1.632	0.056	0.725	0.036
125	0.422	0.014	0.262	0.004	27.248	0.925	644370.500	49495.793	1481.919	21.740	0.063	0.001	1.596	0.052	0.684	0.033
126	0.418	0.013	0.261	0.003	26.999	0.894	627039.938	46631.430	1481.250	21.987	0.063	0.001	1.563	0.047	0.725	0.035
127	0.420	0.013	0.261	0.003	27.217	0.878	631983.188	45944.738	1491.740	20.843	0.063	0.001	1.581	0.051	0.690	0.033
128	0.418	0.013	0.260	0.003	27.038	0.875	621950.750	45391.496	1487.948	21.094	0.064	0.001	1.610	0.056	0.685	0.032
129	0.414	0.013	0.259	0.003	26.834	0.872	612836.188	44564.641	1484.145	22.054	0.062	0.001	1.542	0.047	0.703	0.035
130	0.412	0.013	0.259	0.003	26.539	0.860	599197.250	43677.074	1475.401	22.294	0.063	0.001	1.600	0.059	0.704	0.035
131	0.413	0.013	0.259	0.003	26.584	0.876	602395.625	45193.625	1472.161	22.335	0.063	0.001	1.571	0.055	0.703	0.036
132	0.404	0.013	0.259	0.003	25.898	0.817	564651.875	40879.016	1459.564	22.321	0.063	0.001	1.565	0.057	0.689	0.040
133	0.403	0.012	0.260	0.003	25.781	0.774	551569.562	38390.195	1459.722	21.226	0.063	0.001	1.598	0.067	0.712	0.041
134	0.407	0.013	0.260	0.004	25.942	0.843	562608.750	40319.203	1450.068	23.692	0.062	0.001	1.512	0.054	0.684	0.038
135	0.402	0.012	0.263	0.003	25.537	0.792	538236.000	37768.363	1442.205	22.117	0.062	0.001	1.490	0.053	0.667	0.036
136	0.403	0.012	0.264	0.004	25.531	0.780	534652.375	37024.324	1441.482	21.929	0.062	0.001	1.535	0.060	0.671	0.041
137	0.402	0.012	0.265	0.004	25.506	0.763	529233.875	36272.727	1442.614	21.702	0.061	0.001	1.455	0.048	0.641	0.032
138	0.409	0.011	0.267	0.004	26.002	0.743	545362.812	35846.113	1457.618	20.355	0.062	0.001	1.537	0.063	0.654	0.039
139	0.405	0.011	0.270	0.004	25.538	0.693	518739.469	31646.990	1447.440	20.484	0.062	0.001	1.466	0.050	0.629	0.034
140	0.404	0.010	0.270	0.003	25.471	0.674	511938.438	29826.287	1446.626	20.943	0.062	0.001	1.491	0.055	0.663	0.038
141	0.410	0.010	0.272	0.003	25.859	0.675	523444.875	29827.363	1458.644	20.817	0.062	0.001	1.442	0.056	0.667	0.040
142	0.407	0.010	0.271	0.003	25.778	0.665	516805.031	29190.613	1457.803	20.773	0.062	0.001	1.495	0.055	0.639	0.038
143	0.406	0.010	0.272	0.003	25.715	0.655	512014.719	28454.502	1457.930	20.875	0.063	0.001	1.531	0.052	0.572	0.029
144	0.408	0.010	0.275	0.003	25.758	0.643	511443.156	28046.488	1461.522	20.451	0.060	0.001	1.416	0.053	0.590	0.037
145	0.410	0.010	0.274	0.003	25.921	0.635	513722.531	26930.564	1469.198	20.310	0.061	0.001	1.378	0.051	0.586	0.032
146	0.410	0.009	0.273	0.003	25.960	0.623	512036.312	26541.953	1472.059	20.086	0.062	0.001	1.451	0.048	0.568	0.032
147	0.408	0.009	0.275	0.003	25.884	0.615	506596.469	25999.148	1472.452	20.115	0.062	0.001	1.473	0.052	0.599	0.033
148	0.406	0.009	0.275	0.003	25.747	0.606	499653.875	25617.189	1470.958	19.900	0.061	0.001	1.415	0.050	0.575	0.030
149	0.403	0.009	0.274	0.003	25.558	0.600	492178.312	25261.631	1466.412	19.681	0.060	0.001	1.346	0.055	0.554	0.031
150	0.403	0.009	0.275	0.003	25.500	0.594	486520.312	24722.701	1464.273	19.216	0.060	0.001	1.327	0.049	0.565	0.029
151	0.414	0.011	0.278	0.004	26.107	0.710	514721.875	32790.375	1467.190	18.728	0.061	0.001	1.384	0.053	0.585	0.036
152	0.413	0.011	0.274	0.004	26.229	0.725	518335.844	34161.801	1473.663	18.316	0.060	0.001	1.343	0.046	0.531	0.033
153	0.414	0.011	0.278	0.004	26.321	0.715	519632.906	33417.113	1480.810	18.437	0.061	0.001	1.402	0.061	0.546	0.033
154	0.415	0.011	0.278	0.004	26.437	0.733	525133.062	34452.141	1483.240	18.670	0.060	0.001	1.349	0.052	0.573	0.038
155	0.413	0.011	0.275	0.004	26.326	0.724	518806.562	33784.434	1482.946	19.032	0.060	0.001	1.343	0.045	0.549	0.031
156	0.407	0.011	0.276	0.003	25.956	0.710	501329.031	31965.195	1474.775	19.635	0.060	0.001	1.303	0.051	0.566	0.029
157	0.405	0.010	0.277	0.004	25.828	0.706	494039.594	31364.859	1472.645	19.827	0.061	0.001	1.358	0.052	0.568	0.033
158	0.405	0.010	0.277	0.004	25.794	0.694	489283.312	30391.879	1473.828	19.699	0.060	0.001	1.333	0.053	0.538	0.034
159	0.407	0.011	0.278	0.004	25.919	0.724	495956.000	32110.805	1472.296	20.142	0.060	0.001	1.294	0.053	0.512	0.028
160	0.405	0.010	0.277	0.004	25.816	0.711	489399.375	31350.912	1471.284	20.152	0.059	0.001	1.270	0.054	0.492	0.028
161	0.408	0.011	0.276	0.004	25.878	0.771	496543.156	36079.805	1464.090	20.479	0.060	0.001	1.303	0.058	0.511	0.030
162	0.407	0.011	0.278	0.004	25.785	0.774	491214.625	36161.379	1461.461	20.532	0.060	0.001	1.275	0.052	0.538	0.031
163	0.414	0.013	0.273	0.005	26.324	0.896	525567.750	45465.180	1457.281	21.161	0.062	0.001	1.340	0.052	0.535	0.030
164	0.412	0.013	0.275	0.005	26.114	0.882	514441.969	44440.395	1455.425	21.221	0.061	0.001	1.358	0.059	0.575	0.034
165	0.409	0.012	0.277	0.005	25.754	0.834	442258.000	47852.234	1446.556	20.552	0.060	0.001	1.281	0.056	0.534	0.032
166	0.402	0.012	0.275	0.004	25.345	0.839	480978.250	41672.551	1433.773	21.436	0.060	0.001	1.284	0.060	0.505	0.030
167	0.403	0.013	0.276	0.004	25.426	0.870	484253.375	42262.168	1431.534	22.270	0.060	0.001	1.257	0.054	0.511	0.029
168	0.400	0.012	0.277	0.004	25.130	0.847	471713.719	41353.906	1425.410	21.871	0.060	0.001	1.273	0.057	0.540	0.032
169	0.395	0.012	0.273	0.004	24.961	0.831	463909.156	40108.875	1424.336	22.121	0.059	0.001	1.244	0.055	0.483	0.027
170	0.396	0.012	0.276	0.004	24.967	0.828	462538.375	39532.574	1425.729	22.372	0.060	0.001	1.244	0.052	0.479	0.023
171	0.400	0.012	0.274	0.004	25.305	0.844	471966.812	39031.375	1434.403	22.771	0.058	0.001	1.198	0.051	0.501	0.028
172	0.395	0.012	0.274	0.004	24.904	0.830	455330.000	37432.664	1424.460	23.327	0.059	0.001	1.195	0.053	0.481	0.033
173	0.391	0.012	0.273	0.004	24.715	0.826	446101.312	36833.984	1420.714	23.333	0.059	0.001	1.207	0.055	0.497	0.031
174	0.392	0.012	0.274	0.004	24.693	0.839	446149.031	37855.273	1414.742	23.193	0.059	0.001	1.188	0.055	0.502	0.032
175	0.391	0.013	0.275	0.004	24.520	0.839	439776.156	37625.629	1410.174	23.942	0.059	0.001	1.206	0.049	0.474	0.033
176	0.391	0.012	0.275	0.005	24.557	0.840	438305.156	37350.648	1414.173	24.421	0.058	0.001	1.170	0.053	0.461	0.030
177	0.389	0.012	0.273	0.004	24.394	0.808	426801.406	35524.488	1410.396	23.701	0.058	0.001	1.128	0.051	0.446	0.027
178	0.387	0.012	0.277	0.005	24.112	0.779	411439.125	33058.191	1403.502	24.098	0.058	0.001	1.149	0.050	0.419	0.027
179	0.384	0.012	0.277	0.005	23.788	0.799	402187.469	34305.805	1387.135	24.524	0.057	0.001	1.077	0.045	0.446	0.028
180	0.383	0.012	0.279	0.005	23.691	0.767	390993.906	32080.350	1387.926	23.921	0.058	0.001	1.148	0.048	0.433	0.024
181	0.379	0.011	0.280	0.005	23.473	0.717	377071.094	28720.283	1386.980	23.365	0.058	0.001	1.137	0.046	0.444	0.027
182	0.386	0.012	0.279	0.005	24.004	0.814	401950.906	36236.371	1390.832	23.342	0.058	0.001	1.093	0.045	0.416	0.024
183	0.386	0.013	0.275	0.006	24.006	0.886	409158.531	40486.941	1378.441	23.585	0.057	0.001	1.084	0.048	0.416	0.029
184	0.389	0.014	0.276	0.005	24.275	0.920	417938.375	40848.504	1381.868	24.212	0.058	0.001	1.126	0.047	0.434	0.027
185	0.394	0.014	0.279	0.006	24.464	0.932	422991.406	41724.266	1385.156	24.302	0.059	0.001	1.103	0.039	0.419	0.022
186	0.388	0.014	0.280	0.006	24.107	0.929	409652.281	40922.285	1375.839	24.754	0.059	0.001	1.128	0.055	0.470	0.036
187	0.388	0.013	0.279	0.006	24.186	0.911	409717.969	39890.684	1384.821	24.893	0.058	0.001	1.071	0.044	0.437	0.022
188	0.390	0.013	0.282	0.005	24.470	0.878	412389.625	38433.582	1404.242	24.289	0.058	0.001	1.089	0.048	0.428	0.030
189	0.389	0.012	0.285	0.005	24.357	0.859	404165.969	37065.023	1404.054	23.958	0.058	0.001	1.082	0.045	0.412	0.025
190	0.388	0.012	0.283	0.005	24.285	0.849	398489.719	36063.922	1405.734	24.133	0.057	0.001	1.038	0.044	0.402	0.026
191	0.384	0.011	0.283	0.005	23.986	0.784	380087.812	32059.400	1405.006	23.639	0.057	0.001	1.051	0.043	0.384	0.027
192	0.385	0.011	0.288	0.005	23.921	0.773	374965.031	31284.018	1405.941	23.780	0.060	0.001	1.137	0.041	0.421	0.024
193	0.388	0.011	0.290	0.005	24.119	0.759	378009.906	30388.186	1414.876	23.591	0.059	0.001	1.080	0.042	0.437	0.023
194	0.393	0.011	0.292	0.005	24.329	0.750	382278.438	29752.594	1424.689	23.620	0.059	0.001	1.094	0.041	0.400	0.023
195	0.395	0.011	0.289	0.005	24.565	0.775	390527.469	30241.113	1428.807	24.736	0.059	0.001	1.098	0.044	0.409	0.025
196	0.399	0.011	0.294	0.005	24.519	0.781	389320.875	30173.949	1422.923	25.552	0.059	0.001	1.106	0.050	0.415	0.026
197	0.397	0.011	0.295	0.005	24.294	0.726	373143.250	25975.102	1418.206	24.979	0.055	0.001	0.980	0.043	0.362	0.024
198	0.392	0.011	0.292	0.005	24.003	0.721	363345.438	25365.045	1408.198	25.349	0.057	0.001	1.000	0.040	0.378	0.023
199	0.395	0.010	0.296	0.005	24.126	0.709	364050.031	24901.146	1414.408	25.244	0.060	0.001	1.130	0.052	0.445	0.035
200	0.395	0.010	0.296	0.005	24.164	0.708	364381.562	24726.908	1415.896	25.538	0.056	0.001	0.954	0.041	0.371	0.025
201	0.390	0.011	0.291	0.005	23.872	0.726	357675.250	24570.699	1401.166	26.777	0.058	0.001	1.044	0.047	0.404	0.027
202	0.391	0.010	0.296	0.005	23.769	0.711	351252.281	23901.822	1400.301	26.424	0.057	0.001	1.031	0.048	0.388	0.028
203	0.391	0.010	0.297	0.005	23.696	0.673	345651.125	22992.689	1400.921	24.723	0.057	0.001	1.012	0.049	0.387	0.026
204	0.397	0.010	0.300	0.005	24.002	0.673	351170.031	22609.303	1408.922	24.420	0.057	0.001	1.018	0.055	0.385	0.029
205	0.394	0.010	0.297	0.005	23.950	0.667	347775.094	22215.350	1409.401	24.579	0.059	0.001	1.073	0.044	0.407	0.026
206	0.394	0.010	0.299	0.005	23.810	0.677	343344.188	22263.295	1403.362	25.050	0.056	0.001	0.985	0.050	0.350	0.024
207	0.396	0.011	0.297	0.005	23.962	0.714	350128.969	24953.164	1400.440	24.083	0.058	0.001	1.023	0.046	0.397	0.026
208	0.395	0.011	0.297	0.006	23.822	0.725	344863.156	24840.271	1393.623	25.059	0.056	0.001	0.969	0.044	0.352	0.022
209	0.392	0.010	0.299	0.005	23.715	0.685	336672.188	22579.979	1395.581	24.855	0.057	0.001	0.968	0.045	0.355	0.024
210	0.392	0.010	0.298	0.005	23.672	0.675	330487.312	20805.514	1393.416	24.700	0.058	0.001	0.977	0.042	0.381	0.025
211	0.393	0.010	0.299	0.005	23.634	0.674	328355.688	20681.748	1391.602	24.584	0.055	0.001	0.916	0.044	0.347	0.022
212	0.395	0.011	0.305	0.005	23.427	0.676	321586.469	20434.396	1382.925	24.910	0.057	0.001	0.961	0.047	0.343	0.023
213	0.396	0.011	0.303	0.005	23.641	0.717	326082.844	21167.838	1383.081	24.686	0.057	0.001	0.948	0.049	0.357	0.022
214	0.398	0.011	0.305	0.006	23.696	0.724	326732.125	21276.395	1383.921	25.129	0.057	0.001	0.953	0.043	0.367	0.022
215	0.399	0.011	0.306	0.006	23.788	0.727	327625.594	21272.623	1387.663	25.042	0.057	0.001	0.931	0.043	0.349	0.023
216	0.404	0.011	0.309	0.006	24.140	0.700	331401.719	20262.484	1403.523	23.594	0.056	0.001	0.906	0.044	0.330	0.020
217	0.404	0.011	0.310	0.006	24.022	0.702	327968.031	20062.873	1398.071	23.922	0.057	0.001	0.952	0.047	0.345	0.022
218	0.404	0.011	0.311	0.006	23.982	0.701	325376.969	19986.682	1394.158	23.609	0.059	0.001	1.011	0.047	0.378	0.025
219	0.404	0.011	0.307	0.006	23.992	0.674	321518.406	19431.467	1398.000	22.526	0.057	0.001	0.922	0.038	0.341	0.020
220	0.413	0.011	0.311	0.006	24.536	0.668	333410.531	19222.559	1418.042	22.561	0.056	0.001	0.890	0.041	0.330	0.023
221	0.417	0.010	0.315	0.006	24.878	0.651	338826.188	18522.908	1435.758	21.897	0.057	0.001	0.935	0.044	0.333	0.023
222	0.417	0.010	0.317	0.006	24.955	0.644	338579.625	18314.824	1440.036	21.947	0.057	0.001	0.902	0.041	0.326	0.019
223	0.423	0.011	0.317	0.005	25.262	0.631	343372.156	18466.424	1452.619	21.194	0.057	0.001	0.896	0.039	0.318	0.018
224	0.424	0.010	0.322	0.006	25.378	0.647	345861.125	19456.416	1457.506	21.666	0.057	0.001	0.922	0.049	0.327	0.024
225	0.429	0.010	0.318	0.005	25.754	0.644	354773.125	19667.582	1470.453	21.198	0.059	0.001	0.973	0.041	0.348	0.023
226	0.428	0.010	0.323	0.006	25.633	0.648	351367.719	19816.732	1466.894	21.747	0.056	0.001	0.883	0.045	0.304	0.022
227	0.423	0.010	0.319	0.005	25.425	0.652	345729.281	19866.975	1460.868	21.894	0.056	0.001	0.871	0.045	0.310	0.018
228	0.426	0.010	0.326	0.006	25.437	0.654	343251.969	19685.787	1462.132	22.091	0.057	0.001	0.923	0.041	0.303	0.020
229	0.423	0.010	0.327	0.006	25.348	0.644	338953.375	19137.305	1462.531	22.016	0.057	0.001	0.889	0.037	0.315	0.023
230	0.424	0.009	0.326	0.006	25.326	0.631	336936.594	18754.307	1463.045	22.124	0.056	0.001	0.864	0.039	0.331	0.022
231	0.426	0.010	0.326	0.006	25.397	0.643	338417.000	19329.461	1463.122	22.216	0.055	0.001	0.818	0.040	0.268	0.014
232	0.419	0.010	0.325	0.006	25.023	0.672	329914.531	19555.395	1446.071	23.908	0.056	0.001	0.866	0.047	0.324	0.021
233	0.419	0.010	0.326	0.006	24.973	0.671	326935.969	19481.963	1445.068	24.265	0.054	0.001	0.795	0.040	0.292	0.020
234	0.421	0.010	0.324	0.006	25.159	0.681	331788.719	20212.082	1450.707	23.965	0.056	0.001	0.837	0.043	0.298	0.021
235	0.420	0.010	0.326	0.006	25.054	0.695	327077.969	20340.156	1446.745	24.436	0.055	0.001	0.820	0.039	0.297	0.019
236	0.421	0.010	0.325	0.006	25.211	0.699	330909.031	20449.967	1453.770	24.815	0.055	0.001	0.798	0.036	0.284	0.016
237	0.417	0.010	0.327	0.006	25.027	0.674	322567.156	19418.449	1451.497	24.336	0.054	0.001	0.794	0.044	0.284	0.023
238	0.414	0.010	0.320	0.006	24.937	0.667	319000.812	19083.230	1449.848	24.774	0.056	0.001	0.826	0.039	0.296	0.018
239	0.412	0.010	0.327	0.007	24.639	0.698	313305.969	19368.814	1437.365	26.818	0.054	0.001	0.804	0.046	0.304	0.023
240	0.413	0.010	0.327	0.006	24.839	0.706	316025.656	19180.939	1447.344	26.640	0.056	0.001	0.843	0.050	0.302	0.020
241	0.410	0.010	0.324	0.006	24.794	0.695	312159.344	18638.490	1449.651	26.468	0.055	0.001	0.810	0.040	0.288	0.019
242	0.407	0.010	0.327	0.007	24.439	0.693	303153.906	18369.102	1438.572	26.656	0.055	0.001	0.808	0.043	0.269	0.019
243	0.396	0.010	0.323	0.006	23.822	0.692	286679.375	17632.570	1417.521	27.838	0.054	0.001	0.773	0.040	0.308	0.021
244	0.397	0.010	0.326	0.006	23.535	0.691	279865.406	17492.545	1404.911	28.098	0.054	0.001	0.764	0.038	0.274	0.019
245	0.407	0.009	0.329	0.006	24.268	0.645	291222.906	16684.371	1436.229	25.407	0.054	0.001	0.743	0.039	0.265	0.017
246	0.408	0.009	0.332	0.007	24.251	0.630	288120.750	16255.337	1437.787	24.985	0.055	0.001	0.779	0.045	0.271	0.018
247	0.410	0.009	0.332	0.006	24.355	0.611	288598.375	16062.892	1444.575	23.757	0.055	0.001	0.779	0.040	0.259	0.015
248	0.415	0.009	0.336	0.006	24.711	0.607	294129.781	15894.926	1456.881	22.729	0.053	0.001	0.718	0.042	0.258	0.017
249	0.416	0.009	0.339	0.006	24.743	0.606	294341.031	16071.950	1459.887	22.734	0.054	0.001	0.731	0.037	0.271	0.018
250	0.416	0.009	0.336	0.006	24.693	0.612	292989.156	16143.106	1454.755	22.885	0.054	0.001	0.734	0.037	0.237	0.015
251	0.411	0.009	0.341	0.006	24.247	0.626	281682.812	15994.094	1439.666	23.879	0.055	0.001	0.793	0.046	0.265	0.019
252	0.410	0.009	0.338	0.006	24.295	0.610	277896.562	15445.729	1443.537	23.282	0.053	0.001	0.715	0.038	0.244	0.017
253	0.410	0.009	0.335	0.006	24.427	0.589	277079.812	14953.299	1451.179	22.482	0.055	0.001	0.770	0.043	0.279	0.022
254	0.409	0.009	0.337	0.007	24.289	0.592	273004.531	14810.967	1447.944	23.209	0.056	0.001	0.778	0.042	0.258	0.014
255	0.408	0.009	0.338	0.006	24.017	0.591	265054.469	14516.374	1437.575	23.660	0.054	0.002	0.740	0.043	0.269	0.019
256	0.401	0.008	0.338	0.006	23.487	0.576	252027.594	13736.411	1420.694	23.829	0.053	0.001	0.705	0.039	0.257	0.019
257	0.403	0.009	0.335	0.006	23.530	0.587	250831.688	13583.561	1420.681	24.217	0.053	0.001	0.696	0.039	0.251	0.019
258	0.402	0.009	0.337	0.007	23.402	0.578	245996.297	13191.854	1416.436	24.006	0.055	0.001	0.738	0.042	0.267	0.021
259	0.401	0.009	0.337	0.006	23.267	0.569	241561.188	12986.496	1410.034	23.421	0.054	0.001	0.701	0.039	0.234	0.016
260	0.403	0.009	0.341	0.007	23.184	0.561	238497.844	12762.946	1408.362	23.042	0.052	0.001	0.655	0.031	0.245	0.016
261	0.394	0.009	0.336	0.007	22.612	0.557	225053.938	12224.662	1385.129	23.086	0.053	0.001	0.681	0.039	0.258	0.020
262	0.402	0.009	0.344	0.007	23.039	0.563	231271.453	12208.224	1402.045	22.810	0.053	0.001	0.662	0.037	0.238	0.016
263	0.399	0.009	0.340	0.007	22.750	0.580	225882.984	12545.736	1386.112	23.422	0.054	0.001	0.686	0.037	0.245	0.017
264	0.395	0.010	0.342	0.007	22.575	0.594	221154.406	12593.823	1377.838	23.896	0.052	0.001	0.626	0.037	0.230	0.013
265	0.399	0.010	0.343	0.007	22.670	0.588	221042.406	12438.423	1381.720	23.746	0.054	0.001	0.694	0.039	0.258	0.018
266	0.400	0.009	0.344	0.007	22.720	0.585	220962.125	12502.071	1385.818	23.689	0.051	0.001	0.608	0.034	0.217	0.016
267	0.403	0.009	0.341	0.007	22.934	0.592	225486.453	12941.728	1392.867	23.955	0.053	0.001	0.647	0.036	0.233	0.017
268	0.405	0.009	0.342	0.007	23.018	0.592	226302.281	13107.771	1394.468	23.424	0.051	0.001	0.613	0.036	0.207	0.014
269	0.405	0.010	0.341	0.008	23.134	0.682	228662.516	14530.470	1388.592	24.237	0.052	0.001	0.613	0.036	0.214	0.013
270	0.410	0.010	0.341	0.007	23.382	0.676	230709.656	14274.205	1397.179	23.829	0.053	0.001	0.640	0.035	0.215	0.014
271	0.409	0.011	0.343	0.007	23.366	0.692	230278.641	14560.416	1396.099	24.720	0.051	0.001	0.584	0.030	0.218	0.013
272	0.414	0.010	0.356	0.007	23.242	0.614	226136.953	13426.099	1396.586	23.438	0.053	0.001	0.624	0.035	0.233	0.016
273	0.414	0.010	0.355	0.008	23.339	0.623	227919.719	13609.808	1398.495	24.003	0.054	0.001	0.647	0.036	0.231	0.016
274	0.417	0.010	0.357	0.008	23.489	0.616	228633.047	13415.310	1405.610	23.515	0.053	0.001	0.615	0.037	0.219	0.018
275	0.409	0.009	0.348	0.007	23.362	0.605	224234.297	13007.406	1404.349	23.176	0.054	0.001	0.662	0.037	0.215	0.015
276	0.413	0.010	0.354	0.008	23.628	0.672	230973.547	14976.054	1407.922	23.589	0.055	0.001	0.652	0.034	0.225	0.015
277	0.416	0.010	0.352	0.007	23.743	0.657	230665.203	14791.770	1413.864	23.446	0.049	0.001	0.555	0.034	0.196	0.014
278	0.412	0.010	0.351	0.007	23.521	0.643	226632.188	14543.283	1408.010	22.834	0.052	0.001	0.590	0.035	0.200	0.014
279	0.413	0.010	0.354	0.007	23.362	0.657	222887.359	14556.692	1403.033	23.709	0.055	0.002	0.637	0.036	0.239	0.016
280	0.420	0.011	0.353	0.007	23.992	0.730	234174.156	16666.275	1417.710	24.021	0.049	0.001	0.535	0.033	0.187	0.013
281	0.425	0.011	0.355	0.008	24.288	0.738	240640.062	16934.443	1429.303	24.436	0.052	0.001	0.567	0.033	0.189	0.012
282	0.429	0.011	0.363	0.008	24.314	0.720	238230.906	16567.488	1433.235	23.874	0.054	0.001	0.635	0.036	0.212	0.014
283	0.425	0.010	0.359	0.008	24.101	0.709	232052.953	16166.777	1427.101	23.887	0.052	0.001	0.581	0.033	0.206	0.015
284	0.425	0.011	0.363	0.008	23.884	0.703	226145.453	15774.198	1419.921	24.464	0.054	0.002	0.652	0.041	0.219	0.015
285	0.424	0.011	0.363	0.008	23.891	0.712	225721.188	15639.022	1420.641	25.903	0.052	0.002	0.551	0.037	0.197	0.014
286	0.424	0.010	0.364	0.008	23.833	0.700	223394.906	15184.692	1418.798	26.208	0.053	0.002	0.601	0.040	0.219	0.018
287	0.427	0.011	0.364	0.008	24.094	0.710	224835.781	14999.744	1429.388	26.014	0.053	0.002	0.596	0.036	0.203	0.015
288	0.424	0.010	0.370	0.009	23.854	0.683	218548.953	14552.683	1425.921	25.852	0.051	0.002	0.555	0.036	0.204	0.015
289	0.429	0.011	0.381	0.009	23.930	0.676	217773.047	13986.998	1430.322	26.150	0.050	0.002	0.530	0.034	0.184	0.012
290	0.435	0.011	0.378	0.009	24.412	0.666	222561.703	13681.907	1447.668	25.237	0.053	0.001	0.573	0.033	0.213	0.015
291	0.433	0.011	0.377	0.010	24.270	0.678	218762.984	13709.238	1443.180	25.961	0.051	0.001	0.524	0.031	0.196	0.012
292	0.432	0.011	0.380	0.009	24.015	0.677	213492.781	13537.599	1434.778	26.090	0.053	0.002	0.560	0.038	0.192	0.014
293	0.433	0.010	0.384	0.009	23.904	0.662	209915.438	13162.233	1431.015	25.922	0.052	0.002	0.570	0.044	0.216	0.018
294	0.427	0.011	0.382	0.010	23.512	0.669	201920.422	12843.494	1413.824	26.633	0.051	0.002	0.550	0.038	0.198	0.018
295	0.425	0.011	0.382	0.010	23.284	0.708	198711.000	12813.612	1398.177	29.916	0.053	0.002	0.556	0.033	0.204	0.016
296	0.423	0.011	0.382	0.010	23.101	0.688	192525.094	11972.770	1391.549	29.121	0.051	0.002	0.536	0.039	0.208	0.019
297	0.418	0.011	0.381	0.010	22.848	0.699	188364.656	11756.375	1378.548	30.461	0.050	0.002	0.498	0.033	0.170	0.013
298	0.421	0.011	0.385	0.009	22.919	0.670	187517.141	11382.424	1386.413	29.436	0.049	0.002	0.492	0.032	0.166	0.013
299	0.418	0.011	0.379	0.010	22.728	0.675	183169.078	11227.515	1378.214	29.985	0.048	0.002	0.470	0.035	0.179	0.015
300	0.422	0.011	0.383	0.010	22.835	0.701	183974.156	11024.610	1379.242	31.251	0.048	0.002	0.457	0.030	0.158	0.011
301	0.420	0.011	0.388	0.010	22.564	0.710	177725.344	10604.580	1368.463	31.839	0.047	0.002	0.470	0.040	0.176	0.013
302	0.421	0.012	0.387	0.010	22.731	0.730	179125.484	10719.255	1373.784	32.437	0.047	0.002	0.457	0.033	0.156	0.012
303	0.422	0.011	0.384	0.010	22.851	0.726	179576.781	10562.247	1381.302	32.320	0.049	0.002	0.480	0.035	0.170	0.013
304	0.421	0.012	0.386	0.010	22.751	0.738	174243.578	10383.894	1379.830	32.507	0.048	0.001	0.430	0.030	0.169	0.012
305	0.422	0.012	0.387	0.011	22.780	0.726	172127.562	10058.394	1383.273	32.238	0.049	0.002	0.437	0.027	0.170	0.012
306	0.425	0.012	0.391	0.011	23.041	0.740	173088.281	9897.273	1395.348	32.111	0.050	0.002	0.455	0.030	0.175	0.013
307	0.421	0.012	0.384	0.011	22.903	0.742	169973.562	9953.058	1391.585	32.115	0.052	0.002	0.505	0.035	0.151	0.010
308	0.424	0.012	0.394	0.011	22.855	0.724	167038.047	9674.939	1395.007	30.833	0.050	0.002	0.473	0.035	0.162	0.013
309	0.426	0.012	0.396	0.011	22.868	0.690	166132.734	9307.023	1400.065	29.547	0.049	0.002	0.439	0.030	0.173	0.014
310	0.430	0.012	0.398	0.011	22.865	0.697	165316.938	9359.337	1398.330	29.729	0.051	0.002	0.475	0.036	0.172	0.013
311	0.432	0.012	0.392	0.011	23.124	0.703	167945.312	9442.470	1405.332	29.913	0.050	0.002	0.453	0.035	0.161	0.011
312	0.430	0.012	0.385	0.011	23.371	0.756	175403.188	12838.439	1407.749	30.220	0.049	0.002	0.430	0.027	0.147	0.012
313	0.437	0.012	0.394	0.012	23.329	0.765	174087.938	13107.221	1402.818	30.473	0.049	0.002	0.458	0.040	0.156	0.011
314	0.435	0.012	0.392	0.011	23.232	0.759	171846.016	12894.442	1398.189	30.405	0.050	0.002	0.439	0.028	0.164	0.011
315	0.438	0.013	0.391	0.012	23.248	0.768	169931.047	12723.229	1395.706	31.128	0.050	0.001	0.421	0.027	0.165	0.012
316	0.444	0.012	0.398	0.011	23.466	0.764	173211.188	13109.672	1402.403	30.837	0.050	0.002	0.437	0.030	0.151	0.010
317	0.444	0.012	0.396	0.012	23.351	0.754	169647.719	12935.311	1397.469	30.491	0.053	0.002	0.467	0.031	0.172	0.012
318	0.443	0.012	0.398	0.011	23.365	0.719	163098.062	9665.572	1403.812	30.302	0.050	0.002	0.428	0.028	0.159	0.012
319	0.448	0.012	0.401	0.011	23.582	0.748	166457.688	11414.827	1405.354	29.498	0.048	0.002	0.401	0.029	0.164	0.012
320	0.447	0.012	0.403	0.011	23.472	0.760	164749.859	11513.945	1398.650	30.761	0.049	0.002	0.419	0.031	0.152	0.012
321	0.451	0.013	0.396	0.011	23.789	0.799	169218.281	12577.771	1403.772	30.723	0.050	0.002	0.455	0.037	0.170	0.014
322	0.454	0.013	0.401	0.012	24.012	0.813	171778.266	12717.008	1409.624	31.402	0.051	0.002	0.427	0.029	0.167	0.011
323	0.453	0.013	0.406	0.012	23.729	0.798	167448.703	12527.965	1403.568	31.322	0.049	0.002	0.414	0.030	0.152	0.013
324	0.459	0.012	0.413	0.012	24.016	0.794	168811.734	12366.976	1417.878	31.107	0.049	0.002	0.418	0.030	0.152	0.011
325	0.451	0.012	0.408	0.012	23.630	0.783	162381.516	11970.843	1407.487	31.737	0.049	0.002	0.380	0.026	0.158	0.011
326	0.453	0.013	0.410	0.012	23.684	0.797	164088.078	12222.775	1407.092	32.482	0.050	0.002	0.397	0.028	0.168	0.012
327	0.451	0.012	0.405	0.012	23.749	0.786	162669.234	11848.300	1411.912	31.858	0.050	0.002	0.438	0.040	0.153	0.013
328	0.457	0.012	0.410	0.012	24.184	0.781	166667.203	11648.803	1430.686	31.357	0.049	0.002	0.390	0.030	0.148	0.011
329	0.457	0.013	0.409	0.013	23.895	0.733	158572.734	10400.398	1423.128	30.708	0.051	0.002	0.422	0.032	0.153	0.011
330	0.456	0.011	0.413	0.011	24.103	0.731	158885.719	10167.812	1433.820	30.751	0.048	0.002	0.385	0.029	0.142	0.012
331	0.458	0.012	0.417	0.012	23.906	0.721	155184.953	10045.982	1427.349	30.313	0.047	0.002	0.344	0.025	0.142	0.010
332	0.454	0.012	0.411	0.012	23.695	0.702	151065.875	9864.812	1421.352	29.863	0.050	0.002	0.391	0.030	0.151	0.013
333	0.449	0.012	0.417	0.013	23.199	0.707	144238.125	9733.369	1404.381	30.627	0.050	0.002	0.375	0.029	0.157	0.014
334	0.454	0.012	0.420	0.013	23.274	0.712	145013.281	9868.126	1405.667	30.693	0.049	0.002	0.350	0.025	0.136	0.008
335	0.457	0.013	0.425	0.013	23.722	0.673	143943.203	9540.043	1436.618	28.903	0.050	0.002	0.384	0.026	0.144	0.011
336	0.463	0.013	0.435	0.015	23.833	0.654	143076.109	9373.285	1441.214	28.345	0.048	0.002	0.380	0.033	0.127	0.010
337	0.460	0.013	0.428	0.014	23.925	0.660	143874.312	9447.164	1442.353	28.213	0.050	0.002	0.341	0.024	0.140	0.011
338	0.463	0.013	0.426	0.014	24.186	0.645	144235.953	9106.576	1452.860	27.150	0.052	0.002	0.413	0.031	0.140	0.012
339	0.473	0.013	0.435	0.014	24.488	0.622	145455.016	8820.394	1466.363	25.878	0.051	0.002	0.357	0.024	0.131	0.009
340	0.465	0.013	0.431	0.014	24.125	0.636	140719.953	8672.934	1451.093	26.983	0.052	0.002	0.370	0.024	0.143	0.009
341	0.467	0.013	0.437	0.015	24.042	0.635	138801.516	8584.886	1449.327	27.288	0.051	0.002	0.371	0.030	0.140	0.012
342	0.472	0.012	0.435	0.014	24.466	0.657	148613.047	11536.796	1463.632	27.263	0.053	0.002	0.379	0.032	0.158	0.012
343	0.474	0.012	0.436	0.014	24.685	0.671	150831.812	11556.930	1467.201	26.832	0.051	0.003	0.383	0.034	0.158	0.018
344	0.474	0.011	0.443	0.014	24.449	0.647	146638.562	11075.142	1459.944	27.084	0.051	0.002	0.361	0.026	0.142	0.012
345	0.466	0.011	0.434	0.014	24.058	0.668	142130.438	10950.503	1439.091	28.039	0.053	0.002	0.376	0.029	0.153	0.012
346	0.462	0.011	0.438	0.014	23.515	0.673	136947.781	10712.294	1417.062	29.981	0.050	0.002	0.351	0.029	0.150	0.012
347	0.467	0.012	0.436	0.014	23.305	0.668	133687.078	10551.120	1406.156	29.980	0.051	0.002	0.351	0.028	0.149	0.013
348	0.468	0.011	0.444	0.013	23.438	0.657	134263.953	10260.055	1411.774	29.495	0.046	0.002	0.293	0.019	0.124	0.008
349	0.473	0.013	0.442	0.014	23.836	0.666	133590.094	9745.688	1429.421	29.015	0.046	0.002	0.297	0.021	0.132	0.009
350	0.476	0.013	0.445	0.014	23.976	0.678	133524.516	9514.478	1436.387	29.269	0.048	0.002	0.318	0.028	0.126	0.008
351	0.473	0.013	0.460	0.015	23.983	0.700	135759.625	11072.383	1442.083	29.926	0.046	0.002	0.303	0.026	0.132	0.011
352	0.476	0.013	0.465	0.015	24.004	0.688	133897.250	10966.276	1446.276	28.470	0.048	0.002	0.331	0.029	0.142	0.013
353	0.471	0.013	0.455	0.015	24.033	0.723	135183.984	11493.524	1439.737	28.650	0.051	0.002	0.370	0.037	0.127	0.010
354	0.466	0.013	0.456	0.015	23.617	0.758	129817.703	11219.619	1418.476	30.357	0.047	0.002	0.313	0.031	0.128	0.012
355	0.464	0.014	0.457	0.015	23.505	0.765	127663.422	10966.898	1414.252	30.434	0.052	0.003	0.363	0.037	0.147	0.013
356	0.471	0.015	0.454	0.015	23.401	0.789	125521.344	10748.744	1407.590	32.683	0.048	0.002	0.323	0.028	0.139	0.011
357	0.481	0.014	0.463	0.014	24.057	0.789	129287.141	10719.134	1436.021	32.124	0.049	0.002	0.300	0.025	0.123	0.009
358	0.477	0.014	0.462	0.015	24.085	0.782	127391.969	10502.115	1441.375	31.848	0.047	0.002	0.295	0.026	0.114	0.009
359	0.469	0.013	0.454	0.014	23.725	0.757	123000.352	10235.379	1432.012	31.576	0.048	0.002	0.294	0.025	0.115	0.009
360	0.462	0.013	0.457	0.016	23.578	0.755	120500.047	9988.937	1426.929	31.447	0.053	0.003	0.354	0.038	0.137	0.013
361	0.461	0.012	0.456	0.014	23.569	0.738	118078.156	9473.083	1431.284	31.463	0.051	0.003	0.325	0.030	0.133	0.016
362	0.458	0.013	0.456	0.015	22.933	0.741	114356.227	9599.976	1406.631	33.253	0.050	0.003	0.316	0.032	0.150	0.017
363	0.449	0.012	0.447	0.015	22.647	0.684	109180.227	8928.824	1399.655	32.018	0.052	0.003	0.328	0.041	0.139	0.017
364	0.451	0.012	0.446	0.015	22.461	0.685	107203.453	8896.767	1390.062	32.125	0.049	0.002	0.290	0.026	0.123	0.009
365	0.454	0.013	0.448	0.015	22.542	0.673	106817.109	8934.781	1392.455	31.649	0.048	0.003	0.279	0.026	0.115	0.009
366	0.447	0.012	0.439	0.015	22.479	0.664	105369.883	8866.779	1387.628	31.655	0.048	0.003	0.321	0.052	0.123	0.014
367	0.449	0.012	0.445	0.015	22.297	0.659	103292.594	8685.363	1380.703	31.434	0.052	0.002	0.311	0.033	0.131	0.010
368	0.454	0.012	0.455	0.015	22.236	0.649	101805.422	8489.016	1376.844	31.501	0.049	0.003	0.303	0.044	0.134	0.013
369	0.454	0.012	0.459	0.015	22.037	0.652	98705.906	8372.498	1367.208	31.322	0.047	0.002	0.289	0.038	0.115	0.011
370	0.456	0.012	0.460	0.015	22.324	0.640	99333.156	8156.457	1382.719	30.940	0.049	0.002	0.302	0.033	0.132	0.018
371	0.457	0.012	0.459	0.015	22.551	0.655	100063.391	8007.182	1389.144	31.123	0.046	0.002	0.276	0.039	0.120	0.011
372	0.455	0.012	0.462	0.015	22.092	0.650	96615.180	7962.758	1370.826	30.965	0.047	0.002	0.268	0.033	0.121	0.010
373	0.453	0.013	0.450	0.015	22.153	0.674	97612.961	8196.564	1370.347	31.641	0.050	0.002	0.317	0.047	0.123	0.010
374	0.459	0.013	0.466	0.016	22.123	0.688	96540.859	8182.250	1369.104	32.519	0.052	0.003	0.351	0.056	0.144	0.016
375	0.463	0.013	0.463	0.015	22.403	0.679	98270.203	8103.084	1378.143	32.543	0.048	0.003	0.333	0.058	0.138	0.023
376	0.465	0.013	0.459	0.015	22.505	0.707	99111.711	8224.351	1375.270	31.727	0.047	0.002	0.289	0.038	0.129	0.015
377	0.461	0.013	0.458	0.016	22.277	0.730	96575.422	8116.428	1362.723	33.467	0.048	0.003	0.309	0.048	0.143	0.028
378	0.465	0.014	0.461	0.016	22.465	0.743	97273.719	8108.895	1369.980	33.786	0.052	0.003	0.325	0.046	0.151	0.017
379	0.458	0.013	0.463	0.016	22.173	0.683	92868.258	7364.176	1367.053	33.006	0.047	0.003	0.292	0.048	0.129	0.019
380	0.458	0.013	0.455	0.015	22.002	0.707	91634.391	7427.278	1357.274	33.696	0.047	0.002	0.280	0.034	0.124	0.012
381	0.458	0.013	0.460	0.016	22.107	0.721	94402.867	8999.143	1359.898	33.425	0.045	0.002	0.266	0.031	0.139	0.017
382	0.457	0.013	0.456	0.015	22.012	0.759	92966.250	8460.025	1351.068	37.056	0.045	0.002	0.259	0.030	0.117	0.014
383	0.463	0.014	0.459	0.015	22.012	0.787	93057.023	8899.677	1346.542	36.727	0.049	0.002	0.304	0.043	0.125	0.012
384	0.468	0.015	0.461	0.017	22.014	0.804	91949.281	8853.719	1341.100	37.413	0.047	0.002	0.249	0.028	0.113	0.014
385	0.464	0.015	0.466	0.017	21.830	0.850	90883.094	8763.633	1328.273	39.418	0.046	0.002	0.254	0.030	0.124	0.012
386	0.469	0.015	0.471	0.017	21.799	0.855	90115.094	8676.001	1329.338	40.386	0.044	0.003	0.270	0.043	0.105	0.013
387	0.470	0.015	0.477	0.017	21.993	0.828	89039.250	8248.370	1345.193	39.856	0.046	0.002	0.267	0.030	0.116	0.012
388	0.480	0.015	0.490	0.018	22.159	0.839	88625.406	8085.431	1349.654	40.888	0.051	0.003	0.294	0.038	0.134	0.014
389	0.476	0.015	0.480	0.018	22.604	0.839	92712.672	9282.667	1367.907	40.604	0.047	0.003	0.261	0.035	0.114	0.012
390	0.478	0.014	0.490	0.018	22.299	0.818	89990.711	9060.396	1357.820	39.804	0.046	0.002	0.245	0.029	0.110	0.010
391	0.474	0.014	0.488	0.018	22.113	0.812	88589.844	8915.172	1353.896	39.954	0.049	0.002	0.294	0.043	0.133	0.013
392	0.473	0.014	0.481	0.017	22.284	0.790	88636.109	8903.877	1366.617	38.757	0.045	0.003	0.254	0.034	0.112	0.012
393	0.476	0.013	0.494	0.017	22.291	0.804	88430.422	8830.779	1368.656	39.238	0.046	0.002	0.245	0.032	0.113	0.013
394	0.473	0.013	0.490	0.016	21.932	0.792	85569.641	8711.224	1355.506	39.072	0.045	0.003	0.237	0.027	0.109	0.011
395	0.462	0.014	0.480	0.017	21.513	0.823	82845.945	8377.077	1334.614	42.377	0.042	0.003	0.222	0.029	0.098	0.010
396	0.464	0.014	0.487	0.018	21.702	0.805	82918.180	8356.450	1350.284	42.040	0.046	0.003	0.249	0.038	0.096	0.010
397	0.466	0.015	0.482	0.018	21.556	0.793	80719.562	8148.921	1340.167	42.269	0.047	0.003	0.243	0.032	0.113	0.013
398	0.467	0.016	0.482	0.018	21.630	0.757	79242.547	8041.496	1350.983	39.549	0.047	0.003	0.263	0.036	0.115	0.012
399	0.468	0.016	0.485	0.019	21.698	0.752	79005.852	7953.032	1354.034	39.132	0.049	0.003	0.236	0.024	0.113	0.010
400	0.476	0.016	0.499	0.018	22.018	0.715	79757.289	7756.563	1372.926	37.197	0.046	0.003	0.240	0.032	0.110	0.013
401	0.475	0.016	0.494	0.018	21.977	0.705	78717.047	7674.546	1366.002	36.396	0.052	0.003	0.263	0.032	0.116	0.010
402	0.473	0.016	0.479	0.018	21.710	0.830	79602.898	8283.188	1322.194	37.883	0.050	0.003	0.249	0.026	0.128	0.013
403	0.455	0.014	0.480	0.017	21.349	0.839	78133.367	8225.477	1304.153	38.892	0.050	0.004	0.282	0.040	0.120	0.016
404	0.457	0.013	0.483	0.017	21.135	0.829	75785.344	8022.146	1296.109	38.153	0.048	0.003	0.241	0.031	0.123	0.014
405	0.461	0.013	0.497	0.017	21.253	0.798	75293.781	7924.570	1308.632	35.769	0.047	0.003	0.234	0.032	0.117	0.016
406	0.450	0.013	0.492	0.016	20.669	0.699	69604.227	7257.410	1296.312	36.418	0.048	0.003	0.246	0.029	0.109	0.011
407	0.454	0.012	0.499	0.016	20.952	0.695	70898.812	7341.512	1315.118	36.369	0.048	0.003	0.245	0.035	0.103	0.010
408	0.463	0.014	0.499	0.018	21.227	0.696	71261.312	7361.122	1325.984	36.658	0.048	0.003	0.223	0.026	0.114	0.013
409	0.471	0.014	0.511	0.018	21.381	0.693	71610.367	7215.268	1327.608	36.300	0.047	0.003	0.227	0.028	0.110	0.012
410	0.472	0.014	0.510	0.017	21.700	0.756	73207.734	7418.603	1331.860	36.129	0.051	0.003	0.251	0.032	0.111	0.013
411	0.473	0.014	0.511	0.016	21.450	0.751	71304.453	7437.749	1316.001	35.533	0.053	0.003	0.280	0.039	0.113	0.011
412	0.477	0.015	0.510	0.017	21.270	0.803	70288.219	7276.994	1298.766	39.180	0.052	0.004	0.289	0.045	0.130	0.016
413	0.478	0.015	0.514	0.017	21.444	0.791	70320.016	7208.763	1305.463	39.179	0.054	0.004	0.283	0.036	0.136	0.013
414	0.486	0.017	0.510	0.018	21.526	0.799	69941.242	6913.429	1302.250	41.614	0.055	0.004	0.264	0.033	0.129	0.016
415	0.482	0.016	0.504	0.018	21.789	0.840	71384.992	6974.065	1307.989	41.231	0.052	0.005	0.292	0.059	0.125	0.020
416	0.485	0.015	0.514	0.018	21.786	0.771	70792.703	6897.160	1317.246	39.965	0.055	0.005	0.296	0.043	0.144	0.020
417	0.487	0.015	0.515	0.018	21.877	0.772	71886.203	7165.984	1319.661	39.461	0.058	0.004	0.298	0.033	0.141	0.016
418	0.483	0.015	0.521	0.018	21.635	0.799	70809.758	7215.763	1311.577	41.544	0.058	0.003	0.297	0.035	0.149	0.017
419	0.495	0.016	0.525	0.018	21.881	0.789	70986.133	7225.220	1325.222	41.749	0.057	0.004	0.300	0.037	0.160	0.020
420	0.494	0.017	0.524	0.019	21.645	0.806	70385.531	7254.829	1311.021	43.555	0.058	0.004	0.337	0.049	0.167	0.023
421	0.487	0.017	0.509	0.020	21.554	0.793	70168.242	7117.416	1305.003	43.286	0.057	0.005	0.367	0.067	0.174	0.037
422	0.485	0.015	0.507	0.018	21.521	0.753	69335.703	6890.637	1306.050	41.519	0.056	0.004	0.307	0.038	0.145	0.016
423	0.479	0.015	0.506	0.018	21.066	0.709	64637.621	5903.073	1290.834	40.977	0.059	0.004	0.353	0.049	0.164	0.019
424	0.474	0.015	0.496	0.018	21.062	0.685	63655.770	5815.458	1294.321	39.767	0.055	0.004	0.315	0.041	0.148	0.017
425	0.482	0.015	0.515	0.018	21.110	0.664	62634.453	5702.505	1296.801	38.444	0.057	0.004	0.338	0.052	0.157	0.019
426	0.488	0.015	0.531	0.017	21.250	0.679	63322.387	5745.523	1304.755	38.316	0.056	0.004	0.306	0.042	0.137	0.017
427	0.481	0.015	0.520	0.018	20.913	0.715	63536.426	5943.285	1282.392	40.279	0.059	0.004	0.367	0.062	0.158	0.021
428	0.482	0.015	0.528	0.018	20.927	0.751	69021.008	9728.286	1275.888	39.675	0.055	0.004	0.312	0.041	0.148	0.017
429	0.469	0.015	0.512	0.018	20.649	0.749	68255.555	9949.562	1257.992	39.477	0.061	0.004	0.362	0.050	0.188	0.024
430	0.476	0.016	0.513	0.019	21.032	0.818	74800.656	13160.970	1263.217	40.054	0.059	0.004	0.359	0.056	0.168	0.023
431	0.465	0.015	0.500	0.018	20.633	0.789	72152.266	12651.132	1249.516	39.051	0.057	0.004	0.343	0.046	0.164	0.020
432	0.466	0.015	0.505	0.019	20.552	0.769	71474.016	12531.457	1254.440	39.096	0.060	0.005	0.401	0.069	0.169	0.024
433	0.460	0.015	0.493	0.019	20.424	0.762	71076.883	12811.266	1249.834	39.556	0.058	0.004	0.368	0.062	0.157	0.020
434	0.441	0.014	0.470	0.018	19.500	0.768	66610.117	12469.801	1199.672	41.955	0.057	0.004	0.380	0.064	0.145	0.018
435	0.451	0.015	0.476	0.019	19.805	0.774	68755.062	12460.920	1211.009	42.104	0.052	0.003	0.301	0.042	0.146	0.022
436	0.444	0.014	0.467	0.018	19.546	0.798	67884.242	12490.866	1193.625	42.786	0.055	0.003	0.327	0.044	0.168	0.021
437	0.447	0.015	0.475	0.018	19.467	0.814	67434.047	12508.272	1185.954	43.431	0.054	0.004	0.333	0.048	0.165	0.019
438	0.436	0.015	0.466	0.018	18.943	0.782	63099.484	11924.408	1163.907	42.845	0.052	0.004	0.329	0.048	0.152	0.018
439	0.444	0.015	0.480	0.019	19.130	0.778	62997.859	11835.746	1182.718	43.809	0.055	0.005	0.349	0.057	0.151	0.020
440	0.434	0.014	0.473	0.019	19.264	0.777	63386.781	11382.367	1192.837	44.082	0.057	0.004	0.317	0.040	0.151	0.018
441	0.439	0.014	0.484	0.019	18.946	0.787	62660.172	11527.813	1175.110	44.682	0.057	0.004	0.314	0.039	0.149	0.016
442	0.438	0.015	0.474	0.018	18.728	0.784	63757.859	11784.659	1160.963	43.994	0.056	0.004	0.347	0.049	0.143	0.016
443	0.441	0.015	0.478	0.018	18.704	0.770	63553.434	11780.425	1159.823	43.302	0.055	0.004	0.311	0.038	0.145	0.019
444	0.441	0.015	0.482	0.018	19.068	0.819	65437.191	11730.598	1168.953	41.233	0.059	0.004	0.353	0.050	0.169	0.022
445	0.439	0.015	0.476	0.018	19.158	0.830	65774.992	11571.648	1176.236	42.224	0.057	0.004	0.323	0.041	0.141	0.017
446	0.435	0.014	0.483	0.018	18.764	0.808	63580.445	11307.534	1160.125	41.398	0.059	0.004	0.351	0.050	0.166	0.020
447	0.437	0.015	0.467	0.018	18.709	0.816	63637.594	11473.419	1152.172	42.192	0.061	0.004	0.383	0.046	0.174	0.019
448	0.441	0.015	0.473	0.018	18.554	0.811	62700.059	11180.583	1145.681	42.895	0.055	0.004	0.339	0.046	0.161	0.026
449	0.446	0.015	0.469	0.018	18.618	0.800	63277.750	11414.711	1144.277	42.818	0.060	0.004	0.381	0.054	0.159	0.019
450	0.454	0.016	0.465	0.018	18.721	0.787	64114.156	11500.180	1147.906	42.760	0.058	0.004	0.366	0.046	0.177	0.022
451	0.450	0.016	0.471	0.018	17.858	0.757	59801.340	11307.983	1104.852	42.483	0.055	0.004	0.333	0.047	0.166	0.022
452	0.466	0.017	0.473	0.019	18.637	0.817	64148.398	11750.177	1120.833	41.744	0.062	0.005	0.374	0.050	0.189	0.024
453	0.467	0.017	0.474	0.020	18.860	0.800	64828.895	11694.146	1132.776	41.830	0.063	0.004	0.410	0.050	0.197	0.024
454	0.472	0.017	0.471	0.019	18.730	0.794	64717.227	11847.374	1122.203	42.388	0.063	0.005	0.403	0.056	0.189	0.024
455	0.474	0.017	0.467	0.019	18.710	0.784	64684.387	11727.731	1117.474	41.526	0.061	0.005	0.419	0.062	0.192	0.027
456	0.489	0.018	0.481	0.019	19.253	0.823	67938.953	11818.712	1132.127	41.464	0.061	0.004	0.402	0.049	0.176	0.021
457	0.499	0.018	0.479	0.017	20.012	0.787	70531.664	11781.600	1167.235	39.278	0.066	0.004	0.431	0.049	0.202	0.022
458	0.494	0.017	0.483	0.017	19.747	0.775	69794.703	11686.514	1157.150	38.587	0.074	0.006	0.581	0.075	0.245	0.030
459	0.490	0.016	0.478	0.017	19.947	0.783	71070.211	11880.255	1171.207	38.302	0.069	0.005	0.502	0.067	0.247	0.036
460	0.483	0.016	0.470	0.017	20.215	0.872	73012.477	11759.277	1173.864	40.831	0.065	0.005	0.493	0.072	0.252	0.039
461	0.485	0.016	0.476	0.017	20.247	0.865	72498.422	11537.446	1178.887	41.615	0.071	0.005	0.503	0.062	0.248	0.028
462	0.491	0.017	0.486	0.018	20.707	0.926	76469.742	11962.272	1195.038	42.263	0.074	0.005	0.592	0.084	0.255	0.032
463	0.483	0.018	0.485	0.019	19.932	0.924	72082.367	11758.243	1162.880	42.179	0.074	0.005	0.593	0.094	0.254	0.036
464	0.489	0.017	0.504	0.018	20.254	0.903	72525.641	11633.891	1189.409	43.057	0.070	0.005	0.530	0.068	0.247	0.030
465	0.479	0.016	0.487	0.018	20.333	0.895	74308.781	11559.406	1191.350	43.867	0.067	0.005	0.527	0.067	0.244	0.030
466	0.478	0.016	0.483	0.017	20.310	0.863	74542.008	11277.932	1192.563	42.864	0.072	0.005	0.551	0.067	0.257	0.029
467	0.472	0.016	0.480	0.018	19.734	0.884	74001.367	11384.334	1161.804	43.595	0.068	0.005	0.511	0.060	0.228	0.025
468	0.477	0.016	0.487	0.018	19.919	0.865	75774.961	11371.772	1173.584	42.615	0.070	0.005	0.524	0.064	0.237	0.027
469	0.473	0.015	0.478	0.017	20.174	0.847	79377.969	11391.095	1181.229	41.391	0.071	0.004	0.554	0.065	0.233	0.024
470	0.481	0.015	0.481	0.017	20.291	0.845	81018.102	11271.006	1180.150	41.354	0.068	0.004	0.524	0.064	0.214	0.023
471	0.478	0.014	0.480	0.016	20.241	0.824	80664.305	11191.470	1178.650	39.885	0.066	0.005	0.549	0.072	0.236	0.032
472	0.478	0.014	0.478	0.016	20.500	0.807	83364.734	11238.391	1186.819	38.788	0.064	0.004	0.522	0.063	0.241	0.032
473	0.476	0.013	0.480	0.015	20.481	0.817	83349.719	11091.822	1182.518	39.237	0.065	0.004	0.533	0.065	0.215	0.026
474	0.478	0.013	0.482	0.016	20.431	0.818	83288.383	10900.974	1176.452	40.001	0.064	0.004	0.531	0.067	0.248	0.029
475	0.476	0.013	0.476	0.015	20.346	0.774	81270.688	10428.599	1178.589	39.771	0.068	0.004	0.566	0.075	0.254	0.032
476	0.483	0.015	0.480	0.016	20.659	0.815	83567.812	10398.379	1180.174	38.863	0.064	0.004	0.502	0.059	0.217	0.026
477	0.476	0.015	0.475	0.017	20.678	0.817	84855.273	10550.700	1185.551	38.552	0.063	0.004	0.497	0.059	0.207	0.020
478	0.483	0.015	0.486	0.017	20.691	0.794	85088.117	10473.601	1189.576	37.555	0.068	0.004	0.556	0.064	0.222	0.022
479	0.486	0.015	0.486	0.017	20.784	0.775	85495.102	10303.523	1196.877	37.510	0.064	0.004	0.531	0.069	0.245	0.031
480	0.494	0.014	0.492	0.018	20.816	0.730	85802.211	10511.808	1202.451	36.977	0.067	0.005	0.583	0.076	0.226	0.028
481	0.486	0.016	0.475	0.018	21.167	0.802	87858.797	10597.018	1213.563	37.677	0.070	0.004	0.583	0.068	0.232	0.026
482	0.481	0.016	0.466	0.017	21.118	0.828	89060.789	10830.737	1208.642	38.755	0.068	0.005	0.579	0.065	0.260	0.030
483	0.479	0.015	0.476	0.018	21.039	0.834	89270.859	10982.438	1207.809	40.486	0.067	0.004	0.549	0.061	0.224	0.025
484	0.466	0.015	0.456	0.017	20.905	0.822	88687.680	10978.670	1211.049	40.570	0.069	0.004	0.516	0.055	0.239	0.025
485	0.462	0.015	0.458	0.017	20.710	0.800	87764.820	10888.468	1210.175	40.341	0.068	0.004	0.563	0.071	0.250	0.028
486	0.465	0.016	0.448	0.017	20.630	0.815	88021.562	10960.768	1206.607	40.913	0.064	0.004	0.511	0.064	0.221	0.024
487	0.465	0.017	0.449	0.018	20.538	0.827	86148.273	10447.771	1202.365	39.927	0.069	0.004	0.545	0.062	0.241	0.031
488	0.460	0.016	0.442	0.018	20.330	0.837	85711.023	10466.844	1195.941	40.340	0.068	0.005	0.549	0.062	0.241	0.029
489	0.468	0.016	0.454	0.018	20.532	0.839	90153.312	11210.746	1198.952	39.953	0.061	0.004	0.537	0.064	0.216	0.027
490	0.467	0.016	0.456	0.018	20.183	0.831	89116.500	11162.730	1185.015	39.676	0.061	0.004	0.535	0.067	0.202	0.023
491	0.461	0.017	0.439	0.017	20.260	0.899	96170.609	14341.588	1174.015	40.105	0.063	0.004	0.506	0.053	0.209	0.022
492	0.470	0.018	0.449	0.018	20.637	0.988	103933.562	15966.161	1173.759	40.665	0.065	0.005	0.617	0.082	0.230	0.031
493	0.467	0.018	0.458	0.019	20.263	0.995	102114.141	16057.495	1161.436	44.172	0.064	0.004	0.550	0.072	0.218	0.025
494	0.467	0.019	0.454	0.019	20.264	0.979	101769.094	15697.318	1160.497	44.627	0.059	0.004	0.543	0.071	0.199	0.025
495	0.469	0.018	0.461	0.018	20.353	0.943	102269.469	15903.440	1167.841	41.982	0.061	0.004	0.531	0.068	0.234	0.035
496	0.467	0.017	0.452	0.018	20.366	0.925	102044.422	15672.548	1169.430	41.419	0.059	0.003	0.489	0.057	0.210	0.024
497	0.472	0.017	0.453	0.018	20.433	0.912	104006.258	15636.469	1171.425	41.826	0.061	0.004	0.534	0.065	0.203	0.023
498	0.469	0.018	0.445	0.018	20.698	0.921	108143.547	15462.434	1181.506	43.761	0.059	0.004	0.565	0.064	0.204	0.023
499	0.464	0.017	0.434	0.017	20.624	0.927	107527.000	15444.557	1177.814	44.964	0.057	0.004	0.505	0.064	0.193	0.022
500	0.473	0.017	0.453	0.018	20.692	0.912	107016.891	15117.867	1187.574	44.484	0.058	0.003	0.498	0.053	0.206	0.022
