Mating System: Maternal Dominant Sporophytic Self Incompatibility, with Distance-Dependent Pollination

Runs=50, Generations=500, Initial PopSize=250, Safe Sites=0.250, First Reproduction=2
Maximum Per-Capita Ovule Production=100.000, Seed Establishment=0.050, Deathrate=0.050
Pollen Dispersal Range=142, Seed Dispersal Range=50, SI Alleles=10, Neutral Alleles=3

GEN	NRUN	NGENE	ERR1	SGENE	ERR2	NVAR	ERR3	SVAR	ERR4	HO	ERR5	HE	ERR6	FIS	ERR7
0	50	2.800	0.000	9.000	0.000	-0.055	0.000	-0.003	0.000	0.666	0.002	0.687	0.000	0.031	0.002
1	50	2.800	0.000	9.000	0.000	-0.055	0.000	-0.003	0.000	0.665	0.002	0.688	0.000	0.033	0.002
2	50	2.800	0.000	9.000	0.000	-0.055	0.000	-0.003	0.000	0.664	0.002	0.688	0.000	0.035	0.002
3	50	2.800	0.000	9.000	0.000	-0.055	0.000	-0.003	0.000	0.664	0.002	0.687	0.001	0.035	0.002
4	50	2.800	0.000	9.000	0.000	-0.056	0.001	-0.003	0.000	0.646	0.002	0.687	0.001	0.059	0.003
5	50	2.800	0.000	9.000	0.000	-0.057	0.001	-0.004	0.000	0.614	0.002	0.685	0.001	0.104	0.003
6	50	2.800	0.000	9.000	0.000	-0.057	0.001	-0.004	0.000	0.585	0.002	0.681	0.002	0.142	0.003
7	50	2.800	0.000	9.000	0.000	-0.055	0.001	-0.005	0.000	0.563	0.002	0.676	0.002	0.168	0.003
8	50	2.800	0.000	9.000	0.000	-0.054	0.001	-0.005	0.000	0.547	0.002	0.672	0.002	0.185	0.004
9	50	2.800	0.000	9.000	0.000	-0.052	0.001	-0.005	0.000	0.534	0.002	0.667	0.002	0.199	0.004
10	50	2.800	0.000	9.000	0.000	-0.050	0.001	-0.005	0.000	0.524	0.002	0.663	0.003	0.209	0.004
11	50	2.800	0.000	9.000	0.000	-0.049	0.001	-0.006	0.000	0.513	0.002	0.659	0.003	0.220	0.004
12	50	2.800	0.000	9.000	0.000	-0.048	0.002	-0.006	0.000	0.506	0.002	0.655	0.003	0.227	0.004
13	50	2.800	0.000	9.000	0.000	-0.046	0.002	-0.006	0.000	0.501	0.002	0.652	0.003	0.231	0.004
14	50	2.800	0.000	9.000	0.000	-0.045	0.002	-0.006	0.000	0.496	0.002	0.648	0.004	0.235	0.004
15	50	2.800	0.000	9.000	0.000	-0.043	0.002	-0.006	0.000	0.492	0.002	0.646	0.004	0.237	0.004
16	50	2.804	0.004	9.000	0.000	-0.042	0.002	-0.006	0.000	0.488	0.002	0.642	0.004	0.240	0.004
17	50	2.824	0.020	9.020	0.020	-0.039	0.002	-0.006	0.000	0.485	0.002	0.640	0.004	0.241	0.004
18	50	2.848	0.028	9.040	0.028	-0.036	0.002	-0.006	0.000	0.482	0.003	0.637	0.004	0.243	0.004
19	50	2.828	0.021	9.020	0.020	-0.037	0.002	-0.006	0.000	0.479	0.003	0.634	0.004	0.244	0.005
20	50	2.868	0.034	9.060	0.034	-0.033	0.003	-0.006	0.000	0.475	0.003	0.631	0.005	0.247	0.005
21	50	2.900	0.040	9.080	0.039	-0.031	0.003	-0.006	0.000	0.473	0.003	0.629	0.005	0.247	0.005
22	50	2.888	0.039	9.120	0.046	-0.030	0.003	-0.005	0.000	0.470	0.003	0.627	0.005	0.249	0.005
23	50	2.992	0.056	9.240	0.061	-0.023	0.004	-0.005	0.000	0.468	0.003	0.625	0.005	0.250	0.005
24	50	2.992	0.056	9.340	0.089	-0.022	0.004	-0.005	0.000	0.465	0.003	0.623	0.005	0.251	0.005
25	50	3.108	0.072	9.520	0.096	-0.015	0.005	-0.005	0.000	0.462	0.004	0.621	0.005	0.254	0.005
26	50	3.220	0.078	9.600	0.107	-0.009	0.005	-0.005	0.000	0.460	0.004	0.618	0.005	0.255	0.005
27	50	3.272	0.080	9.700	0.122	-0.006	0.005	-0.005	0.000	0.457	0.004	0.616	0.005	0.257	0.005
28	50	3.424	0.083	9.980	0.132	0.002	0.005	-0.004	0.000	0.454	0.004	0.614	0.006	0.259	0.005
29	50	3.488	0.081	10.160	0.157	0.004	0.005	-0.004	0.000	0.453	0.004	0.612	0.006	0.259	0.005
30	50	3.528	0.080	10.300	0.162	0.005	0.005	-0.004	0.000	0.452	0.004	0.610	0.006	0.259	0.006
31	50	3.540	0.078	10.420	0.172	0.006	0.005	-0.004	0.000	0.450	0.005	0.608	0.006	0.260	0.006
32	50	3.688	0.096	10.680	0.195	0.011	0.005	-0.004	0.000	0.447	0.005	0.606	0.006	0.261	0.006
33	50	3.780	0.099	10.860	0.192	0.013	0.005	-0.003	0.000	0.446	0.005	0.604	0.006	0.262	0.007
34	50	3.852	0.090	11.240	0.221	0.016	0.005	-0.003	0.000	0.442	0.005	0.602	0.006	0.264	0.007
35	50	3.916	0.095	11.440	0.239	0.019	0.005	-0.003	0.000	0.439	0.005	0.599	0.006	0.266	0.007
36	50	3.932	0.104	11.600	0.236	0.019	0.005	-0.003	0.000	0.437	0.005	0.597	0.007	0.267	0.007
37	50	4.020	0.107	11.620	0.221	0.021	0.005	-0.003	0.000	0.434	0.005	0.594	0.007	0.268	0.007
38	50	4.108	0.110	11.760	0.237	0.022	0.005	-0.003	0.000	0.432	0.005	0.593	0.007	0.269	0.007
39	50	4.172	0.110	11.820	0.242	0.022	0.005	-0.003	0.000	0.430	0.005	0.591	0.007	0.271	0.008
40	50	4.304	0.108	12.080	0.266	0.028	0.005	-0.003	0.000	0.427	0.006	0.588	0.007	0.273	0.008
41	50	4.412	0.107	12.300	0.251	0.033	0.004	-0.003	0.000	0.425	0.006	0.586	0.007	0.273	0.008
42	50	4.576	0.120	12.380	0.275	0.031	0.004	-0.003	0.000	0.423	0.006	0.584	0.007	0.274	0.008
43	50	4.516	0.116	12.560	0.321	0.030	0.005	-0.003	0.000	0.421	0.006	0.582	0.007	0.276	0.008
44	50	4.584	0.131	12.540	0.303	0.030	0.005	-0.003	0.000	0.418	0.006	0.580	0.007	0.277	0.008
45	50	4.684	0.127	12.840	0.319	0.030	0.005	-0.003	0.000	0.417	0.006	0.578	0.007	0.278	0.008
46	50	4.816	0.133	13.100	0.330	0.029	0.005	-0.002	0.000	0.414	0.006	0.577	0.007	0.280	0.008
47	50	4.816	0.121	13.060	0.314	0.034	0.004	-0.002	0.000	0.412	0.006	0.574	0.007	0.281	0.008
48	50	4.856	0.125	13.100	0.297	0.035	0.004	-0.002	0.000	0.411	0.006	0.573	0.007	0.281	0.008
49	50	4.952	0.136	13.360	0.290	0.036	0.003	-0.002	0.000	0.408	0.006	0.570	0.007	0.283	0.008
50	50	4.952	0.140	13.400	0.310	0.035	0.004	-0.002	0.000	0.406	0.006	0.568	0.007	0.284	0.008
51	50	5.032	0.144	13.400	0.298	0.035	0.004	-0.002	0.000	0.404	0.006	0.566	0.007	0.285	0.008
52	50	5.108	0.147	13.580	0.330	0.035	0.004	-0.002	0.000	0.401	0.006	0.563	0.007	0.287	0.008
53	50	5.164	0.144	13.400	0.338	0.037	0.004	-0.003	0.000	0.399	0.006	0.560	0.007	0.287	0.008
54	50	5.232	0.149	13.500	0.309	0.040	0.004	-0.002	0.000	0.397	0.007	0.558	0.008	0.288	0.008
55	50	5.348	0.153	13.600	0.314	0.040	0.004	-0.002	0.000	0.395	0.006	0.556	0.008	0.289	0.008
56	50	5.456	0.160	13.780	0.347	0.038	0.004	-0.002	0.000	0.393	0.007	0.554	0.007	0.290	0.008
57	50	5.476	0.163	13.900	0.338	0.042	0.004	-0.002	0.000	0.390	0.007	0.551	0.007	0.291	0.009
58	50	5.476	0.167	13.960	0.328	0.041	0.004	-0.002	0.000	0.389	0.007	0.549	0.007	0.291	0.009
59	50	5.512	0.153	14.300	0.337	0.043	0.003	-0.002	0.000	0.387	0.007	0.547	0.008	0.292	0.009
60	50	5.528	0.157	14.360	0.322	0.046	0.003	-0.002	0.000	0.386	0.007	0.545	0.008	0.292	0.009
61	50	5.632	0.164	14.380	0.336	0.046	0.003	-0.002	0.000	0.384	0.007	0.542	0.008	0.292	0.009
62	50	5.580	0.163	14.260	0.333	0.045	0.003	-0.002	0.000	0.382	0.007	0.540	0.008	0.292	0.009
63	50	5.580	0.158	14.320	0.329	0.047	0.003	-0.002	0.000	0.380	0.007	0.538	0.008	0.294	0.009
64	50	5.556	0.157	14.160	0.306	0.050	0.003	-0.002	0.000	0.378	0.007	0.535	0.008	0.295	0.009
65	50	5.640	0.159	14.220	0.322	0.048	0.003	-0.002	0.000	0.375	0.007	0.533	0.008	0.296	0.009
66	50	5.736	0.151	14.580	0.343	0.048	0.004	-0.002	0.000	0.373	0.007	0.532	0.008	0.299	0.009
67	50	5.796	0.146	14.660	0.329	0.050	0.003	-0.002	0.000	0.370	0.007	0.529	0.008	0.300	0.009
68	50	5.820	0.146	14.560	0.330	0.049	0.003	-0.002	0.000	0.369	0.007	0.527	0.008	0.301	0.009
69	50	5.752	0.154	14.660	0.349	0.047	0.004	-0.002	0.000	0.367	0.007	0.525	0.008	0.300	0.009
70	50	5.856	0.154	14.740	0.344	0.049	0.004	-0.002	0.000	0.366	0.007	0.523	0.008	0.301	0.009
71	50	5.884	0.158	14.860	0.349	0.049	0.004	-0.002	0.000	0.365	0.007	0.522	0.008	0.301	0.009
72	50	5.884	0.171	14.920	0.347	0.048	0.004	-0.002	0.000	0.362	0.007	0.519	0.008	0.302	0.009
73	50	5.904	0.166	14.980	0.329	0.049	0.004	-0.002	0.000	0.359	0.007	0.516	0.008	0.304	0.009
74	50	5.904	0.166	15.120	0.338	0.050	0.004	-0.002	0.000	0.357	0.007	0.514	0.008	0.307	0.010
75	50	5.940	0.170	15.460	0.300	0.052	0.003	-0.002	0.000	0.355	0.007	0.512	0.008	0.307	0.010
76	50	5.916	0.180	15.400	0.318	0.048	0.004	-0.002	0.000	0.354	0.007	0.511	0.008	0.307	0.010
77	50	5.996	0.172	15.420	0.309	0.049	0.004	-0.002	0.000	0.352	0.008	0.509	0.008	0.309	0.010
78	50	6.008	0.172	15.520	0.313	0.050	0.004	-0.002	0.000	0.350	0.007	0.507	0.008	0.311	0.010
79	50	6.044	0.173	15.380	0.323	0.050	0.004	-0.002	0.000	0.348	0.008	0.505	0.008	0.312	0.010
80	50	6.056	0.170	15.640	0.351	0.051	0.004	-0.002	0.000	0.346	0.008	0.503	0.008	0.312	0.010
81	50	6.100	0.179	15.880	0.368	0.056	0.003	-0.002	0.000	0.344	0.008	0.500	0.008	0.313	0.010
82	50	6.064	0.171	15.880	0.363	0.058	0.003	-0.002	0.000	0.342	0.008	0.498	0.008	0.313	0.010
83	50	6.080	0.172	15.720	0.342	0.057	0.003	-0.002	0.000	0.341	0.008	0.496	0.008	0.314	0.010
84	50	6.108	0.169	15.860	0.361	0.058	0.002	-0.002	0.000	0.339	0.008	0.494	0.008	0.315	0.010
85	50	6.144	0.176	15.760	0.333	0.059	0.002	-0.002	0.000	0.338	0.008	0.492	0.007	0.315	0.010
86	50	6.120	0.161	15.780	0.370	0.060	0.003	-0.002	0.000	0.336	0.008	0.490	0.007	0.317	0.010
87	50	6.084	0.158	15.740	0.365	0.059	0.003	-0.002	0.000	0.335	0.008	0.489	0.007	0.316	0.010
88	50	6.124	0.156	15.900	0.386	0.059	0.003	-0.002	0.000	0.333	0.008	0.487	0.007	0.318	0.010
89	50	6.112	0.152	16.020	0.385	0.060	0.003	-0.002	0.000	0.331	0.008	0.484	0.007	0.320	0.010
90	50	6.104	0.149	16.020	0.366	0.061	0.003	-0.002	0.000	0.328	0.008	0.482	0.007	0.321	0.010
91	50	6.052	0.162	15.800	0.342	0.061	0.003	-0.003	0.000	0.327	0.008	0.480	0.008	0.322	0.010
92	50	6.068	0.151	15.800	0.316	0.060	0.003	-0.003	0.000	0.325	0.008	0.478	0.008	0.323	0.010
93	50	6.080	0.138	15.980	0.310	0.062	0.003	-0.002	0.000	0.323	0.008	0.476	0.008	0.325	0.010
94	50	6.124	0.143	16.060	0.335	0.062	0.003	-0.002	0.000	0.321	0.008	0.474	0.008	0.326	0.010
95	50	6.144	0.135	16.000	0.339	0.063	0.003	-0.003	0.000	0.319	0.008	0.472	0.008	0.327	0.010
96	50	6.136	0.132	15.860	0.358	0.061	0.003	-0.003	0.000	0.317	0.008	0.470	0.008	0.329	0.010
97	50	6.160	0.130	15.660	0.405	0.062	0.003	-0.003	0.000	0.317	0.008	0.469	0.008	0.328	0.011
98	50	6.216	0.139	15.920	0.403	0.063	0.003	-0.003	0.000	0.314	0.008	0.467	0.008	0.331	0.010
99	50	6.160	0.135	15.680	0.372	0.063	0.003	-0.003	0.000	0.313	0.008	0.465	0.008	0.332	0.010
100	50	6.148	0.147	15.520	0.350	0.064	0.003	-0.003	0.000	0.312	0.009	0.464	0.008	0.332	0.011
101	50	6.128	0.156	15.520	0.354	0.065	0.003	-0.003	0.000	0.309	0.009	0.462	0.008	0.334	0.011
102	50	6.012	0.174	15.340	0.348	0.068	0.003	-0.003	0.000	0.307	0.009	0.460	0.008	0.337	0.010
103	50	5.956	0.173	15.220	0.348	0.070	0.003	-0.003	0.000	0.306	0.009	0.459	0.008	0.338	0.011
104	50	5.924	0.155	15.120	0.339	0.069	0.003	-0.003	0.000	0.304	0.009	0.457	0.008	0.339	0.011
105	50	5.940	0.163	15.020	0.319	0.070	0.003	-0.003	0.000	0.303	0.009	0.456	0.008	0.340	0.011
106	50	5.864	0.155	14.900	0.313	0.072	0.003	-0.003	0.000	0.301	0.009	0.454	0.009	0.342	0.011
107	50	5.872	0.146	14.800	0.287	0.071	0.003	-0.003	0.000	0.300	0.009	0.453	0.009	0.343	0.011
108	50	5.876	0.139	14.720	0.296	0.072	0.003	-0.003	0.000	0.298	0.009	0.451	0.009	0.345	0.011
109	50	5.800	0.150	14.680	0.306	0.071	0.004	-0.004	0.000	0.298	0.009	0.451	0.009	0.344	0.012
110	50	5.812	0.149	14.900	0.315	0.073	0.004	-0.003	0.000	0.297	0.009	0.450	0.009	0.346	0.011
111	50	5.812	0.146	14.740	0.323	0.071	0.004	-0.004	0.000	0.295	0.009	0.448	0.009	0.348	0.011
112	50	5.772	0.157	14.520	0.326	0.070	0.004	-0.004	0.000	0.294	0.009	0.447	0.009	0.349	0.011
113	50	5.776	0.160	14.580	0.317	0.070	0.004	-0.004	0.000	0.291	0.009	0.446	0.009	0.352	0.012
114	50	5.724	0.142	14.600	0.318	0.072	0.004	-0.004	0.000	0.290	0.010	0.444	0.009	0.353	0.012
115	50	5.720	0.141	14.720	0.322	0.070	0.004	-0.004	0.000	0.289	0.010	0.443	0.009	0.356	0.012
116	50	5.752	0.139	14.540	0.299	0.073	0.004	-0.004	0.000	0.287	0.010	0.442	0.009	0.358	0.012
117	50	5.700	0.138	14.660	0.314	0.075	0.003	-0.004	0.000	0.286	0.010	0.442	0.009	0.359	0.012
118	50	5.604	0.139	14.420	0.337	0.073	0.004	-0.004	0.000	0.285	0.010	0.441	0.010	0.361	0.012
119	50	5.540	0.134	14.200	0.332	0.075	0.004	-0.004	0.000	0.283	0.010	0.439	0.010	0.362	0.012
120	50	5.556	0.141	14.220	0.355	0.074	0.004	-0.004	0.000	0.282	0.010	0.438	0.010	0.364	0.012
121	50	5.556	0.138	14.180	0.360	0.072	0.004	-0.004	0.000	0.280	0.010	0.437	0.010	0.366	0.012
122	50	5.488	0.141	14.020	0.356	0.069	0.004	-0.004	0.000	0.279	0.010	0.436	0.010	0.367	0.012
123	50	5.476	0.140	13.900	0.342	0.069	0.005	-0.004	0.000	0.278	0.010	0.434	0.010	0.369	0.012
124	50	5.456	0.134	13.780	0.319	0.069	0.005	-0.004	0.000	0.276	0.010	0.433	0.010	0.371	0.012
125	50	5.500	0.138	13.740	0.311	0.070	0.004	-0.004	0.000	0.275	0.010	0.433	0.010	0.372	0.012
126	50	5.452	0.156	13.740	0.310	0.069	0.004	-0.004	0.000	0.274	0.010	0.432	0.010	0.372	0.012
127	50	5.428	0.160	13.760	0.298	0.070	0.005	-0.004	0.000	0.273	0.010	0.431	0.010	0.375	0.012
128	50	5.500	0.165	13.660	0.294	0.068	0.005	-0.004	0.000	0.272	0.010	0.430	0.010	0.375	0.013
129	50	5.396	0.155	13.860	0.314	0.067	0.004	-0.004	0.000	0.271	0.010	0.430	0.010	0.377	0.013
130	50	5.380	0.165	13.680	0.328	0.067	0.004	-0.004	0.000	0.270	0.010	0.429	0.010	0.378	0.013
131	50	5.404	0.170	13.700	0.347	0.066	0.004	-0.005	0.000	0.269	0.010	0.428	0.010	0.379	0.013
132	50	5.312	0.177	13.440	0.344	0.068	0.005	-0.005	0.000	0.269	0.010	0.428	0.010	0.378	0.013
133	50	5.232	0.165	13.380	0.365	0.070	0.004	-0.005	0.000	0.269	0.010	0.427	0.010	0.378	0.013
134	50	5.208	0.162	13.220	0.344	0.072	0.005	-0.005	0.000	0.267	0.010	0.426	0.010	0.380	0.012
135	50	5.188	0.170	13.220	0.343	0.074	0.005	-0.005	0.000	0.266	0.010	0.425	0.010	0.382	0.012
136	50	5.156	0.167	13.180	0.340	0.075	0.005	-0.005	0.000	0.264	0.010	0.423	0.010	0.385	0.012
137	50	5.112	0.164	13.020	0.337	0.073	0.005	-0.005	0.000	0.262	0.010	0.422	0.010	0.386	0.012
138	50	5.108	0.156	13.160	0.327	0.075	0.005	-0.005	0.000	0.261	0.010	0.422	0.010	0.388	0.013
139	50	5.156	0.144	13.080	0.322	0.077	0.004	-0.005	0.000	0.260	0.010	0.421	0.010	0.389	0.013
140	50	5.160	0.139	12.960	0.318	0.077	0.004	-0.005	0.000	0.259	0.009	0.420	0.010	0.389	0.013
141	50	5.116	0.137	12.900	0.354	0.077	0.004	-0.005	0.000	0.259	0.009	0.419	0.010	0.389	0.013
142	50	5.068	0.137	12.780	0.361	0.077	0.004	-0.005	0.000	0.258	0.010	0.418	0.010	0.391	0.013
143	50	4.984	0.148	12.480	0.373	0.074	0.004	-0.006	0.000	0.256	0.010	0.417	0.010	0.394	0.013
144	50	4.980	0.146	12.420	0.386	0.074	0.004	-0.006	0.000	0.255	0.010	0.416	0.010	0.394	0.013
145	50	5.060	0.150	12.440	0.397	0.075	0.004	-0.006	0.000	0.255	0.010	0.416	0.010	0.395	0.013
146	50	5.092	0.146	12.480	0.375	0.074	0.004	-0.006	0.000	0.254	0.010	0.415	0.010	0.396	0.013
147	50	5.068	0.142	12.440	0.395	0.074	0.004	-0.006	0.000	0.252	0.010	0.413	0.010	0.398	0.013
148	50	4.984	0.148	12.240	0.419	0.068	0.005	-0.007	0.001	0.251	0.010	0.412	0.010	0.400	0.014
149	50	4.952	0.147	12.320	0.417	0.070	0.005	-0.006	0.001	0.250	0.010	0.411	0.010	0.400	0.014
150	50	4.932	0.141	12.120	0.410	0.070	0.005	-0.007	0.001	0.249	0.010	0.410	0.010	0.401	0.014
151	50	4.888	0.139	12.100	0.386	0.074	0.005	-0.006	0.000	0.249	0.010	0.410	0.010	0.402	0.014
152	50	4.892	0.136	11.960	0.380	0.073	0.005	-0.007	0.000	0.248	0.010	0.409	0.010	0.404	0.014
153	50	4.892	0.141	11.960	0.365	0.077	0.005	-0.007	0.000	0.247	0.010	0.408	0.010	0.405	0.014
154	50	4.864	0.144	11.900	0.347	0.075	0.005	-0.007	0.000	0.245	0.010	0.407	0.010	0.406	0.014
155	50	4.848	0.147	11.840	0.353	0.078	0.005	-0.007	0.001	0.244	0.010	0.406	0.010	0.407	0.014
156	50	4.908	0.152	11.840	0.352	0.076	0.005	-0.007	0.000	0.242	0.010	0.404	0.010	0.410	0.014
157	50	4.888	0.153	11.620	0.343	0.076	0.005	-0.007	0.001	0.241	0.010	0.403	0.010	0.412	0.014
158	50	4.864	0.154	11.560	0.313	0.078	0.004	-0.007	0.001	0.240	0.010	0.402	0.010	0.414	0.014
159	50	4.848	0.152	11.600	0.336	0.079	0.005	-0.007	0.001	0.239	0.010	0.401	0.010	0.415	0.014
160	50	4.796	0.149	11.540	0.338	0.078	0.005	-0.007	0.001	0.237	0.010	0.400	0.011	0.416	0.015
161	50	4.744	0.145	11.580	0.341	0.079	0.005	-0.007	0.001	0.236	0.010	0.398	0.011	0.417	0.015
162	50	4.728	0.140	11.580	0.348	0.080	0.005	-0.007	0.001	0.233	0.010	0.397	0.010	0.422	0.014
163	50	4.728	0.144	11.540	0.333	0.081	0.005	-0.007	0.001	0.231	0.010	0.395	0.010	0.425	0.014
164	50	4.716	0.155	11.580	0.330	0.084	0.004	-0.007	0.001	0.230	0.010	0.395	0.010	0.426	0.014
165	50	4.696	0.155	11.440	0.333	0.085	0.004	-0.008	0.001	0.229	0.010	0.394	0.010	0.427	0.014
166	50	4.656	0.156	11.320	0.323	0.085	0.004	-0.008	0.001	0.229	0.010	0.393	0.010	0.428	0.014
167	50	4.660	0.151	11.260	0.313	0.086	0.004	-0.008	0.001	0.227	0.010	0.393	0.010	0.430	0.014
168	50	4.572	0.139	11.300	0.322	0.085	0.005	-0.008	0.001	0.226	0.010	0.391	0.010	0.431	0.014
169	50	4.604	0.142	11.280	0.325	0.086	0.005	-0.008	0.001	0.225	0.009	0.391	0.010	0.433	0.014
170	50	4.592	0.155	11.360	0.348	0.087	0.004	-0.008	0.001	0.224	0.009	0.391	0.010	0.434	0.014
171	50	4.580	0.157	11.360	0.334	0.088	0.005	-0.008	0.001	0.224	0.009	0.390	0.010	0.435	0.014
172	50	4.584	0.153	11.420	0.332	0.086	0.005	-0.008	0.001	0.223	0.009	0.390	0.010	0.437	0.014
173	50	4.612	0.154	11.340	0.316	0.086	0.005	-0.008	0.001	0.222	0.009	0.389	0.010	0.437	0.014
174	50	4.576	0.148	11.260	0.327	0.088	0.005	-0.008	0.001	0.221	0.009	0.388	0.010	0.439	0.014
175	50	4.592	0.144	11.180	0.324	0.089	0.005	-0.008	0.001	0.220	0.009	0.387	0.010	0.440	0.014
176	50	4.548	0.141	11.180	0.340	0.089	0.005	-0.008	0.001	0.220	0.009	0.387	0.010	0.441	0.014
177	50	4.556	0.142	11.160	0.334	0.089	0.005	-0.008	0.001	0.219	0.009	0.386	0.010	0.442	0.014
178	50	4.556	0.135	11.040	0.310	0.086	0.005	-0.008	0.001	0.219	0.009	0.386	0.010	0.443	0.014
179	50	4.520	0.121	10.980	0.299	0.089	0.005	-0.008	0.001	0.218	0.009	0.385	0.010	0.444	0.015
180	50	4.460	0.119	10.920	0.290	0.089	0.006	-0.008	0.001	0.216	0.009	0.384	0.010	0.446	0.015
181	50	4.412	0.115	10.840	0.295	0.088	0.006	-0.008	0.001	0.217	0.010	0.384	0.010	0.446	0.015
182	50	4.408	0.119	10.840	0.319	0.088	0.006	-0.009	0.001	0.215	0.010	0.383	0.010	0.448	0.015
183	50	4.364	0.113	10.860	0.333	0.089	0.006	-0.009	0.001	0.215	0.010	0.382	0.010	0.449	0.015
184	50	4.324	0.106	10.840	0.347	0.089	0.005	-0.009	0.001	0.214	0.010	0.381	0.010	0.450	0.015
185	50	4.308	0.106	10.700	0.365	0.089	0.006	-0.009	0.001	0.213	0.010	0.381	0.010	0.451	0.015
186	50	4.300	0.109	10.600	0.369	0.088	0.005	-0.010	0.001	0.213	0.010	0.381	0.010	0.451	0.015
187	50	4.216	0.108	10.460	0.373	0.091	0.005	-0.010	0.001	0.212	0.010	0.379	0.010	0.453	0.015
188	50	4.160	0.109	10.300	0.379	0.089	0.006	-0.011	0.001	0.211	0.010	0.379	0.010	0.455	0.015
189	50	4.152	0.113	10.360	0.376	0.089	0.006	-0.010	0.001	0.210	0.010	0.378	0.010	0.456	0.015
190	50	4.128	0.116	10.140	0.373	0.086	0.005	-0.011	0.001	0.209	0.010	0.377	0.010	0.458	0.015
191	50	4.124	0.124	10.200	0.360	0.088	0.006	-0.011	0.001	0.208	0.010	0.377	0.010	0.459	0.015
192	50	4.148	0.128	10.100	0.347	0.088	0.005	-0.011	0.001	0.207	0.010	0.376	0.010	0.461	0.015
193	50	4.128	0.129	9.960	0.350	0.094	0.006	-0.012	0.001	0.207	0.010	0.375	0.010	0.461	0.015
194	50	4.068	0.124	9.880	0.354	0.097	0.006	-0.012	0.001	0.206	0.010	0.374	0.010	0.461	0.015
195	50	4.064	0.131	9.780	0.370	0.097	0.006	-0.012	0.001	0.205	0.010	0.373	0.010	0.463	0.015
196	50	4.096	0.136	9.760	0.355	0.096	0.006	-0.012	0.001	0.205	0.010	0.373	0.010	0.464	0.015
197	50	4.044	0.133	9.780	0.337	0.099	0.006	-0.012	0.001	0.204	0.010	0.372	0.010	0.465	0.015
198	50	4.028	0.130	9.700	0.358	0.098	0.006	-0.012	0.001	0.203	0.010	0.371	0.010	0.466	0.015
199	50	4.000	0.128	9.800	0.393	0.098	0.006	-0.013	0.002	0.203	0.010	0.371	0.010	0.467	0.016
200	50	3.932	0.126	9.640	0.380	0.096	0.007	-0.013	0.002	0.202	0.010	0.370	0.010	0.467	0.016
201	50	3.912	0.124	9.480	0.365	0.094	0.006	-0.013	0.002	0.201	0.010	0.369	0.010	0.468	0.015
202	50	3.884	0.119	9.440	0.365	0.098	0.006	-0.014	0.002	0.201	0.010	0.369	0.010	0.469	0.015
203	50	3.920	0.125	9.380	0.370	0.101	0.007	-0.016	0.003	0.200	0.010	0.368	0.010	0.470	0.016
204	50	3.880	0.122	9.220	0.362	0.097	0.007	-0.017	0.003	0.199	0.010	0.367	0.010	0.472	0.015
205	50	3.856	0.118	9.140	0.357	0.099	0.007	-0.017	0.003	0.198	0.010	0.367	0.010	0.473	0.016
206	50	3.788	0.123	9.000	0.366	0.103	0.007	-0.018	0.004	0.197	0.010	0.365	0.010	0.474	0.015
207	50	3.800	0.122	8.940	0.367	0.105	0.008	-0.017	0.002	0.196	0.010	0.364	0.010	0.475	0.016
208	50	3.804	0.128	8.880	0.363	0.107	0.008	-0.017	0.002	0.195	0.010	0.363	0.010	0.477	0.016
209	50	3.804	0.125	8.800	0.342	0.107	0.008	-0.017	0.002	0.194	0.010	0.362	0.010	0.478	0.016
210	50	3.800	0.126	8.760	0.339	0.110	0.008	-0.018	0.003	0.194	0.010	0.361	0.010	0.479	0.016
211	50	3.708	0.126	8.700	0.337	0.109	0.008	-0.019	0.003	0.192	0.010	0.360	0.010	0.481	0.016
212	50	3.720	0.133	8.660	0.336	0.107	0.007	-0.019	0.003	0.191	0.010	0.358	0.010	0.483	0.017
213	50	3.724	0.128	8.640	0.350	0.102	0.007	-0.020	0.003	0.189	0.010	0.357	0.010	0.485	0.017
214	50	3.724	0.129	8.560	0.344	0.106	0.007	-0.021	0.004	0.188	0.010	0.355	0.010	0.487	0.017
215	50	3.676	0.120	8.420	0.343	0.108	0.007	-0.022	0.004	0.187	0.010	0.354	0.010	0.489	0.017
216	50	3.708	0.116	8.500	0.331	0.106	0.007	-0.019	0.003	0.185	0.010	0.353	0.010	0.490	0.017
217	50	3.756	0.131	8.460	0.322	0.107	0.007	-0.019	0.003	0.184	0.010	0.351	0.010	0.493	0.017
218	50	3.732	0.127	8.240	0.325	0.112	0.007	-0.021	0.003	0.183	0.010	0.350	0.010	0.494	0.017
219	50	3.692	0.129	8.120	0.323	0.114	0.008	-0.022	0.003	0.182	0.010	0.350	0.010	0.496	0.017
220	50	3.664	0.129	7.980	0.359	0.114	0.009	-0.025	0.004	0.181	0.010	0.349	0.010	0.496	0.017
221	50	3.692	0.130	7.920	0.359	0.115	0.009	-0.027	0.005	0.181	0.010	0.348	0.010	0.498	0.017
222	50	3.728	0.131	7.820	0.341	0.113	0.009	-0.027	0.005	0.179	0.010	0.347	0.010	0.501	0.017
223	50	3.752	0.129	7.780	0.331	0.112	0.009	-0.027	0.005	0.178	0.010	0.347	0.010	0.504	0.017
224	50	3.716	0.127	7.700	0.320	0.112	0.009	-0.027	0.005	0.177	0.010	0.347	0.010	0.505	0.017
225	50	3.664	0.127	7.660	0.333	0.115	0.009	-0.029	0.005	0.176	0.010	0.346	0.010	0.507	0.018
226	50	3.640	0.124	7.540	0.316	0.115	0.009	-0.029	0.005	0.176	0.010	0.345	0.010	0.508	0.018
227	50	3.616	0.126	7.660	0.338	0.116	0.009	-0.029	0.005	0.174	0.010	0.344	0.010	0.511	0.018
228	50	3.636	0.124	7.720	0.327	0.118	0.009	-0.028	0.005	0.173	0.010	0.343	0.010	0.513	0.018
229	50	3.620	0.123	7.720	0.332	0.118	0.009	-0.028	0.005	0.172	0.010	0.342	0.010	0.514	0.018
230	50	3.604	0.118	7.720	0.332	0.120	0.009	-0.027	0.005	0.172	0.010	0.342	0.010	0.516	0.018
231	50	3.616	0.120	7.680	0.339	0.122	0.009	-0.028	0.005	0.170	0.010	0.341	0.010	0.518	0.018
232	50	3.588	0.109	7.600	0.332	0.120	0.009	-0.028	0.005	0.169	0.010	0.340	0.010	0.520	0.018
233	50	3.588	0.111	7.660	0.342	0.119	0.008	-0.028	0.005	0.168	0.010	0.339	0.010	0.522	0.018
234	50	3.520	0.111	7.480	0.333	0.119	0.009	-0.031	0.006	0.167	0.010	0.338	0.010	0.524	0.018
235	50	3.520	0.121	7.400	0.336	0.123	0.009	-0.030	0.005	0.167	0.010	0.337	0.010	0.525	0.019
236	50	3.464	0.120	7.380	0.346	0.126	0.010	-0.031	0.005	0.166	0.010	0.336	0.010	0.526	0.019
237	50	3.420	0.119	7.200	0.343	0.123	0.011	-0.034	0.006	0.165	0.010	0.336	0.010	0.528	0.019
238	50	3.408	0.119	7.160	0.343	0.124	0.011	-0.034	0.006	0.165	0.010	0.335	0.010	0.527	0.019
239	50	3.444	0.124	7.220	0.334	0.124	0.011	-0.033	0.005	0.164	0.011	0.335	0.010	0.529	0.019
240	50	3.376	0.120	7.120	0.344	0.122	0.010	-0.034	0.005	0.164	0.011	0.334	0.010	0.530	0.019
241	50	3.344	0.107	6.980	0.342	0.126	0.011	-0.035	0.005	0.163	0.011	0.333	0.010	0.531	0.019
242	50	3.352	0.107	6.940	0.334	0.125	0.011	-0.033	0.005	0.163	0.011	0.333	0.010	0.532	0.019
243	50	3.356	0.111	7.040	0.329	0.125	0.011	-0.032	0.005	0.162	0.011	0.332	0.010	0.534	0.019
244	50	3.356	0.104	7.020	0.319	0.123	0.010	-0.031	0.004	0.161	0.011	0.331	0.010	0.535	0.019
245	50	3.356	0.106	6.940	0.314	0.120	0.010	-0.033	0.005	0.160	0.011	0.330	0.010	0.537	0.020
246	50	3.376	0.108	6.960	0.305	0.121	0.009	-0.031	0.004	0.160	0.011	0.330	0.010	0.538	0.020
247	50	3.348	0.112	6.760	0.267	0.121	0.010	-0.032	0.004	0.159	0.011	0.329	0.010	0.539	0.020
248	50	3.316	0.118	6.680	0.266	0.122	0.010	-0.033	0.004	0.159	0.011	0.329	0.010	0.539	0.020
249	50	3.296	0.112	6.700	0.303	0.123	0.010	-0.035	0.005	0.157	0.011	0.328	0.010	0.544	0.020
250	50	3.284	0.112	6.640	0.305	0.123	0.010	-0.035	0.005	0.156	0.011	0.326	0.010	0.546	0.020
251	50	3.272	0.118	6.680	0.324	0.123	0.010	-0.036	0.005	0.154	0.011	0.325	0.010	0.549	0.020
252	50	3.272	0.120	6.640	0.309	0.128	0.010	-0.035	0.004	0.153	0.010	0.324	0.010	0.551	0.020
253	50	3.188	0.113	6.440	0.277	0.129	0.010	-0.038	0.005	0.151	0.010	0.323	0.010	0.554	0.020
254	50	3.240	0.116	6.500	0.289	0.126	0.010	-0.038	0.005	0.150	0.010	0.322	0.009	0.556	0.020
255	50	3.180	0.117	6.300	0.280	0.125	0.009	-0.041	0.006	0.149	0.010	0.321	0.009	0.558	0.020
256	50	3.192	0.117	6.260	0.280	0.125	0.009	-0.042	0.006	0.149	0.010	0.320	0.010	0.559	0.020
257	50	3.212	0.117	6.300	0.279	0.126	0.009	-0.041	0.006	0.149	0.010	0.320	0.009	0.559	0.020
258	50	3.216	0.126	6.260	0.265	0.129	0.010	-0.040	0.005	0.147	0.010	0.319	0.009	0.563	0.020
259	50	3.228	0.125	6.240	0.256	0.132	0.010	-0.039	0.005	0.146	0.010	0.318	0.009	0.565	0.020
260	50	3.232	0.123	6.260	0.255	0.132	0.010	-0.039	0.005	0.145	0.010	0.317	0.009	0.567	0.020
261	50	3.248	0.127	6.360	0.275	0.136	0.010	-0.039	0.005	0.143	0.010	0.316	0.009	0.569	0.020
262	50	3.244	0.127	6.320	0.276	0.135	0.010	-0.040	0.005	0.143	0.010	0.315	0.009	0.570	0.020
263	50	3.252	0.122	6.360	0.280	0.133	0.011	-0.039	0.005	0.142	0.010	0.315	0.009	0.570	0.020
264	50	3.272	0.124	6.420	0.287	0.135	0.010	-0.039	0.005	0.141	0.010	0.314	0.009	0.572	0.020
265	50	3.220	0.120	6.380	0.290	0.142	0.011	-0.040	0.005	0.140	0.010	0.312	0.009	0.575	0.020
266	50	3.216	0.126	6.260	0.277	0.141	0.011	-0.041	0.005	0.139	0.010	0.311	0.009	0.577	0.020
267	50	3.176	0.140	6.120	0.284	0.144	0.012	-0.045	0.006	0.138	0.010	0.311	0.009	0.578	0.020
268	50	3.188	0.142	6.180	0.266	0.144	0.011	-0.039	0.004	0.138	0.010	0.310	0.009	0.579	0.020
269	50	3.196	0.140	6.180	0.258	0.145	0.011	-0.039	0.004	0.136	0.010	0.309	0.009	0.582	0.020
270	50	3.188	0.138	6.240	0.261	0.145	0.011	-0.039	0.004	0.136	0.010	0.309	0.009	0.582	0.020
271	50	3.156	0.138	6.180	0.260	0.144	0.011	-0.039	0.004	0.135	0.010	0.308	0.009	0.583	0.020
272	50	3.180	0.137	6.160	0.270	0.145	0.010	-0.040	0.004	0.134	0.010	0.308	0.009	0.586	0.020
273	50	3.160	0.133	6.160	0.273	0.147	0.010	-0.042	0.005	0.134	0.010	0.307	0.009	0.587	0.020
274	50	3.124	0.135	6.040	0.286	0.153	0.010	-0.044	0.005	0.133	0.010	0.306	0.009	0.588	0.020
275	50	3.116	0.138	5.980	0.276	0.157	0.011	-0.045	0.005	0.132	0.010	0.305	0.009	0.589	0.020
276	50	3.084	0.140	5.860	0.276	0.160	0.011	-0.046	0.005	0.132	0.009	0.305	0.008	0.588	0.020
277	50	3.072	0.132	5.740	0.252	0.161	0.011	-0.046	0.005	0.131	0.009	0.304	0.008	0.589	0.020
278	50	3.100	0.139	5.800	0.273	0.162	0.011	-0.049	0.006	0.131	0.009	0.304	0.008	0.591	0.020
279	50	3.052	0.137	5.680	0.258	0.164	0.010	-0.050	0.006	0.130	0.009	0.303	0.008	0.592	0.020
280	50	3.036	0.135	5.680	0.253	0.165	0.011	-0.049	0.006	0.129	0.009	0.303	0.008	0.593	0.020
281	50	3.016	0.133	5.700	0.254	0.165	0.011	-0.049	0.006	0.128	0.009	0.302	0.008	0.595	0.020
282	50	3.008	0.135	5.660	0.263	0.164	0.010	-0.050	0.005	0.128	0.009	0.301	0.008	0.596	0.020
283	50	3.020	0.139	5.520	0.261	0.166	0.011	-0.053	0.006	0.127	0.009	0.301	0.008	0.599	0.020
284	50	2.988	0.136	5.460	0.268	0.169	0.012	-0.055	0.006	0.126	0.009	0.300	0.008	0.599	0.019
285	50	2.976	0.139	5.500	0.270	0.169	0.012	-0.054	0.006	0.126	0.009	0.299	0.008	0.600	0.019
286	50	2.952	0.134	5.480	0.268	0.172	0.012	-0.054	0.006	0.124	0.009	0.298	0.008	0.603	0.019
287	50	2.948	0.132	5.560	0.297	0.171	0.012	-0.055	0.006	0.124	0.009	0.298	0.008	0.604	0.019
288	50	2.880	0.129	5.400	0.274	0.176	0.012	-0.056	0.006	0.124	0.009	0.298	0.008	0.605	0.019
289	50	2.876	0.127	5.340	0.275	0.176	0.012	-0.058	0.006	0.123	0.009	0.298	0.008	0.606	0.019
290	50	2.840	0.127	5.280	0.290	0.175	0.012	-0.062	0.007	0.123	0.009	0.298	0.008	0.607	0.019
291	50	2.816	0.118	5.300	0.295	0.175	0.012	-0.063	0.007	0.123	0.009	0.298	0.008	0.606	0.019
292	50	2.768	0.115	5.300	0.299	0.177	0.012	-0.063	0.007	0.123	0.009	0.298	0.008	0.607	0.019
293	50	2.740	0.119	5.200	0.294	0.178	0.011	-0.065	0.007	0.123	0.009	0.298	0.008	0.608	0.019
294	50	2.736	0.120	5.040	0.281	0.176	0.011	-0.068	0.007	0.123	0.009	0.297	0.008	0.608	0.019
295	50	2.740	0.123	5.120	0.310	0.181	0.012	-0.067	0.007	0.123	0.009	0.298	0.008	0.609	0.019
296	50	2.724	0.128	5.040	0.317	0.183	0.011	-0.071	0.007	0.123	0.009	0.297	0.008	0.608	0.020
297	50	2.728	0.128	5.000	0.308	0.183	0.012	-0.077	0.011	0.123	0.009	0.297	0.008	0.607	0.020
298	50	2.692	0.124	4.900	0.290	0.185	0.012	-0.080	0.011	0.122	0.009	0.297	0.008	0.609	0.020
299	50	2.648	0.126	4.880	0.316	0.182	0.012	-0.082	0.011	0.121	0.009	0.296	0.008	0.612	0.021
300	50	2.612	0.122	4.880	0.327	0.182	0.011	-0.083	0.011	0.121	0.009	0.295	0.008	0.613	0.021
301	50	2.616	0.125	4.880	0.340	0.182	0.011	-0.084	0.011	0.120	0.009	0.294	0.008	0.614	0.021
302	50	2.588	0.124	4.700	0.296	0.185	0.011	-0.091	0.013	0.119	0.009	0.294	0.008	0.617	0.021
303	50	2.564	0.112	4.720	0.298	0.189	0.011	-0.091	0.013	0.118	0.009	0.293	0.008	0.618	0.021
304	50	2.564	0.114	4.760	0.310	0.184	0.011	-0.093	0.014	0.118	0.009	0.293	0.008	0.619	0.021
305	50	2.556	0.117	4.800	0.296	0.187	0.011	-0.091	0.014	0.117	0.009	0.293	0.008	0.622	0.021
306	50	2.552	0.116	4.780	0.296	0.186	0.011	-0.102	0.017	0.116	0.009	0.292	0.008	0.624	0.021
307	50	2.552	0.115	4.720	0.289	0.186	0.011	-0.102	0.017	0.116	0.009	0.292	0.008	0.626	0.021
308	50	2.564	0.111	4.740	0.294	0.186	0.011	-0.101	0.017	0.115	0.009	0.291	0.008	0.628	0.022
309	50	2.548	0.108	4.700	0.277	0.187	0.011	-0.101	0.017	0.114	0.009	0.290	0.008	0.630	0.022
310	50	2.540	0.107	4.580	0.267	0.192	0.012	-0.099	0.017	0.114	0.009	0.289	0.008	0.631	0.022
311	50	2.532	0.108	4.540	0.268	0.193	0.012	-0.101	0.017	0.113	0.009	0.289	0.008	0.633	0.022
312	50	2.496	0.111	4.500	0.277	0.194	0.011	-0.105	0.017	0.112	0.009	0.288	0.008	0.634	0.022
313	50	2.452	0.106	4.440	0.265	0.199	0.011	-0.107	0.017	0.111	0.009	0.287	0.008	0.638	0.022
314	50	2.436	0.107	4.440	0.268	0.199	0.011	-0.107	0.017	0.110	0.009	0.287	0.008	0.639	0.022
315	50	2.424	0.108	4.440	0.296	0.200	0.011	-0.109	0.017	0.111	0.009	0.287	0.008	0.639	0.022
316	50	2.380	0.097	4.320	0.253	0.201	0.012	-0.110	0.017	0.111	0.009	0.287	0.008	0.639	0.022
317	50	2.360	0.096	4.280	0.254	0.204	0.012	-0.102	0.016	0.110	0.009	0.287	0.008	0.641	0.022
318	50	2.352	0.096	4.280	0.254	0.203	0.012	-0.102	0.016	0.110	0.009	0.286	0.008	0.641	0.023
319	50	2.336	0.090	4.220	0.253	0.203	0.012	-0.104	0.016	0.110	0.010	0.286	0.008	0.641	0.023
320	50	2.308	0.090	4.220	0.262	0.206	0.012	-0.105	0.016	0.109	0.010	0.285	0.008	0.644	0.023
321	50	2.320	0.094	4.220	0.259	0.205	0.013	-0.104	0.016	0.109	0.010	0.286	0.008	0.645	0.023
322	50	2.316	0.093	4.240	0.269	0.205	0.013	-0.104	0.016	0.108	0.010	0.285	0.008	0.647	0.023
323	50	2.316	0.093	4.180	0.253	0.206	0.013	-0.111	0.017	0.108	0.010	0.285	0.008	0.647	0.023
324	50	2.312	0.092	4.180	0.253	0.206	0.013	-0.111	0.017	0.108	0.010	0.285	0.008	0.648	0.023
325	50	2.316	0.094	4.140	0.241	0.206	0.013	-0.111	0.017	0.108	0.010	0.285	0.008	0.649	0.024
326	50	2.312	0.093	4.180	0.247	0.207	0.013	-0.111	0.017	0.108	0.010	0.286	0.008	0.649	0.024
327	50	2.288	0.089	4.180	0.249	0.207	0.012	-0.112	0.017	0.108	0.010	0.286	0.008	0.651	0.024
328	50	2.272	0.087	4.180	0.249	0.207	0.013	-0.112	0.017	0.108	0.010	0.286	0.008	0.651	0.024
329	50	2.248	0.088	4.160	0.246	0.212	0.013	-0.112	0.017	0.108	0.010	0.285	0.008	0.651	0.025
330	50	2.232	0.088	4.120	0.242	0.210	0.013	-0.113	0.017	0.108	0.010	0.285	0.008	0.652	0.025
331	50	2.236	0.094	4.200	0.249	0.213	0.012	-0.110	0.017	0.108	0.010	0.286	0.009	0.653	0.025
332	50	2.248	0.098	4.200	0.252	0.213	0.013	-0.111	0.017	0.107	0.010	0.285	0.009	0.656	0.025
333	50	2.248	0.099	4.180	0.252	0.213	0.013	-0.111	0.017	0.106	0.010	0.284	0.009	0.657	0.025
334	50	2.244	0.098	4.180	0.252	0.212	0.013	-0.111	0.017	0.106	0.010	0.284	0.009	0.657	0.025
335	50	2.240	0.098	4.160	0.251	0.213	0.013	-0.111	0.017	0.106	0.010	0.284	0.009	0.659	0.025
336	50	2.232	0.098	4.140	0.249	0.218	0.013	-0.112	0.017	0.105	0.010	0.283	0.009	0.661	0.025
337	50	2.244	0.098	4.120	0.244	0.220	0.014	-0.112	0.017	0.104	0.010	0.283	0.009	0.663	0.025
338	50	2.228	0.095	4.060	0.241	0.220	0.014	-0.119	0.019	0.104	0.010	0.282	0.009	0.663	0.025
339	50	2.192	0.094	4.060	0.248	0.223	0.013	-0.119	0.019	0.104	0.010	0.282	0.009	0.664	0.026
340	50	2.164	0.088	4.000	0.247	0.222	0.014	-0.122	0.019	0.103	0.010	0.281	0.008	0.664	0.026
341	50	2.148	0.089	3.980	0.248	0.217	0.013	-0.124	0.019	0.103	0.010	0.281	0.009	0.665	0.026
342	50	2.148	0.088	3.980	0.248	0.219	0.013	-0.124	0.019	0.103	0.010	0.281	0.008	0.665	0.026
343	50	2.140	0.089	3.940	0.246	0.217	0.013	-0.126	0.019	0.102	0.010	0.280	0.008	0.667	0.026
344	50	2.128	0.088	3.880	0.255	0.221	0.013	-0.130	0.018	0.102	0.010	0.280	0.008	0.668	0.026
345	50	2.120	0.089	3.860	0.262	0.224	0.013	-0.139	0.020	0.102	0.010	0.279	0.008	0.669	0.026
346	50	2.120	0.092	3.840	0.253	0.224	0.013	-0.139	0.020	0.102	0.010	0.280	0.008	0.667	0.026
347	50	2.132	0.094	3.820	0.250	0.220	0.014	-0.140	0.020	0.101	0.010	0.279	0.008	0.670	0.026
348	50	2.076	0.090	3.740	0.245	0.224	0.013	-0.143	0.019	0.101	0.010	0.278	0.008	0.670	0.026
349	50	2.052	0.091	3.680	0.241	0.224	0.013	-0.145	0.019	0.100	0.010	0.278	0.008	0.671	0.026
350	50	2.048	0.091	3.620	0.227	0.224	0.013	-0.147	0.019	0.100	0.010	0.278	0.008	0.672	0.027
351	50	2.036	0.085	3.560	0.206	0.222	0.013	-0.147	0.019	0.099	0.010	0.277	0.008	0.673	0.027
352	50	2.032	0.086	3.540	0.200	0.222	0.013	-0.147	0.019	0.100	0.010	0.277	0.008	0.673	0.027
353	50	2.016	0.086	3.520	0.198	0.220	0.013	-0.148	0.019	0.099	0.010	0.276	0.008	0.675	0.027
354	50	2.028	0.094	3.520	0.208	0.218	0.013	-0.154	0.020	0.098	0.010	0.275	0.008	0.678	0.027
355	50	2.004	0.091	3.460	0.202	0.221	0.012	-0.162	0.021	0.097	0.010	0.274	0.008	0.680	0.027
356	50	2.000	0.091	3.460	0.202	0.223	0.012	-0.162	0.021	0.096	0.010	0.274	0.008	0.681	0.027
357	50	1.992	0.091	3.440	0.202	0.221	0.012	-0.164	0.021	0.096	0.010	0.274	0.008	0.680	0.027
358	50	1.972	0.091	3.440	0.216	0.222	0.012	-0.170	0.022	0.096	0.010	0.273	0.008	0.680	0.027
359	50	1.956	0.090	3.440	0.216	0.223	0.012	-0.170	0.022	0.095	0.010	0.273	0.008	0.684	0.027
360	50	1.956	0.090	3.460	0.216	0.224	0.012	-0.169	0.022	0.095	0.010	0.272	0.008	0.684	0.027
361	50	1.948	0.086	3.440	0.216	0.225	0.012	-0.170	0.022	0.094	0.010	0.271	0.008	0.686	0.027
362	50	1.908	0.081	3.380	0.204	0.222	0.012	-0.173	0.022	0.093	0.010	0.270	0.008	0.688	0.028
363	50	1.912	0.081	3.380	0.204	0.223	0.012	-0.173	0.022	0.092	0.010	0.269	0.007	0.691	0.027
364	50	1.884	0.077	3.340	0.203	0.221	0.011	-0.174	0.022	0.090	0.010	0.268	0.007	0.695	0.027
365	50	1.880	0.077	3.340	0.203	0.224	0.011	-0.174	0.022	0.089	0.010	0.267	0.007	0.699	0.027
366	50	1.884	0.079	3.340	0.195	0.224	0.011	-0.174	0.022	0.088	0.010	0.267	0.007	0.701	0.027
367	50	1.880	0.079	3.340	0.195	0.223	0.011	-0.174	0.022	0.088	0.010	0.266	0.007	0.701	0.027
368	50	1.868	0.080	3.340	0.195	0.220	0.011	-0.174	0.022	0.087	0.010	0.266	0.007	0.703	0.027
369	50	1.860	0.080	3.300	0.188	0.217	0.011	-0.164	0.021	0.086	0.010	0.265	0.007	0.705	0.027
370	50	1.856	0.081	3.240	0.182	0.215	0.011	-0.177	0.023	0.086	0.010	0.264	0.007	0.705	0.027
371	50	1.852	0.080	3.240	0.182	0.216	0.011	-0.177	0.023	0.086	0.010	0.264	0.007	0.707	0.027
372	50	1.848	0.081	3.240	0.182	0.215	0.011	-0.177	0.023	0.085	0.010	0.264	0.007	0.709	0.027
373	50	1.844	0.080	3.240	0.182	0.210	0.012	-0.178	0.023	0.084	0.010	0.263	0.007	0.710	0.027
374	50	1.812	0.072	3.180	0.173	0.207	0.012	-0.180	0.023	0.083	0.009	0.262	0.007	0.714	0.026
375	50	1.800	0.070	3.120	0.163	0.208	0.012	-0.183	0.022	0.082	0.009	0.261	0.007	0.716	0.026
376	50	1.788	0.071	3.120	0.163	0.206	0.013	-0.183	0.022	0.081	0.009	0.261	0.007	0.717	0.026
377	50	1.776	0.071	3.140	0.164	0.207	0.013	-0.182	0.022	0.081	0.009	0.260	0.007	0.718	0.026
378	50	1.772	0.070	3.100	0.155	0.208	0.013	-0.183	0.022	0.080	0.009	0.259	0.007	0.719	0.026
379	50	1.764	0.070	3.100	0.162	0.208	0.013	-0.189	0.023	0.079	0.009	0.259	0.007	0.720	0.025
380	50	1.760	0.070	3.100	0.162	0.207	0.013	-0.189	0.023	0.079	0.009	0.259	0.007	0.721	0.025
381	50	1.780	0.075	3.120	0.171	0.205	0.013	-0.188	0.023	0.079	0.009	0.258	0.007	0.720	0.025
382	50	1.748	0.073	3.080	0.173	0.205	0.013	-0.180	0.023	0.079	0.009	0.258	0.007	0.722	0.026
383	50	1.748	0.074	3.100	0.177	0.200	0.013	-0.180	0.023	0.078	0.009	0.257	0.007	0.723	0.026
384	50	1.704	0.069	3.020	0.173	0.207	0.013	-0.190	0.023	0.077	0.009	0.257	0.007	0.725	0.025
385	50	1.700	0.069	2.980	0.175	0.208	0.013	-0.203	0.024	0.076	0.008	0.256	0.006	0.726	0.025
386	50	1.672	0.064	2.960	0.167	0.210	0.013	-0.203	0.024	0.077	0.008	0.256	0.006	0.723	0.025
387	50	1.676	0.070	2.980	0.175	0.204	0.013	-0.202	0.024	0.077	0.008	0.255	0.006	0.725	0.025
388	50	1.652	0.064	2.960	0.174	0.205	0.013	-0.204	0.024	0.076	0.008	0.255	0.006	0.728	0.025
389	50	1.628	0.057	2.940	0.165	0.207	0.012	-0.204	0.024	0.075	0.008	0.254	0.006	0.730	0.025
390	50	1.628	0.057	2.940	0.165	0.207	0.012	-0.203	0.024	0.075	0.008	0.254	0.006	0.728	0.025
391	50	1.620	0.056	2.920	0.164	0.208	0.012	-0.205	0.024	0.076	0.008	0.254	0.006	0.726	0.025
392	50	1.608	0.055	2.920	0.164	0.208	0.012	-0.205	0.024	0.075	0.008	0.253	0.006	0.728	0.025
393	50	1.608	0.055	2.900	0.160	0.208	0.012	-0.206	0.024	0.073	0.008	0.253	0.006	0.732	0.024
394	50	1.608	0.056	2.880	0.153	0.207	0.012	-0.207	0.024	0.073	0.008	0.252	0.006	0.734	0.024
395	50	1.600	0.057	2.880	0.153	0.205	0.012	-0.206	0.024	0.072	0.008	0.251	0.006	0.735	0.025
396	50	1.588	0.057	2.840	0.152	0.204	0.011	-0.215	0.024	0.071	0.007	0.251	0.006	0.736	0.024
397	50	1.580	0.057	2.820	0.156	0.204	0.011	-0.205	0.024	0.071	0.008	0.250	0.006	0.738	0.025
398	50	1.576	0.056	2.800	0.151	0.204	0.011	-0.206	0.024	0.071	0.008	0.250	0.006	0.737	0.025
399	50	1.564	0.056	2.780	0.149	0.201	0.011	-0.208	0.024	0.071	0.008	0.250	0.006	0.739	0.024
400	50	1.564	0.056	2.780	0.149	0.202	0.011	-0.208	0.024	0.070	0.007	0.249	0.006	0.741	0.024
401	50	1.564	0.056	2.780	0.149	0.202	0.011	-0.208	0.024	0.068	0.007	0.248	0.006	0.746	0.024
402	50	1.556	0.053	2.760	0.147	0.204	0.011	-0.210	0.024	0.067	0.007	0.247	0.005	0.749	0.023
403	50	1.556	0.053	2.740	0.148	0.204	0.011	-0.217	0.025	0.066	0.007	0.247	0.005	0.750	0.023
404	50	1.552	0.053	2.720	0.146	0.204	0.012	-0.218	0.024	0.067	0.007	0.247	0.005	0.748	0.023
405	50	1.548	0.053	2.720	0.146	0.202	0.012	-0.219	0.025	0.067	0.007	0.247	0.005	0.748	0.023
406	50	1.540	0.052	2.720	0.146	0.201	0.012	-0.219	0.025	0.068	0.007	0.247	0.005	0.743	0.024
407	50	1.536	0.053	2.720	0.146	0.202	0.012	-0.219	0.025	0.068	0.008	0.247	0.005	0.743	0.025
408	50	1.532	0.053	2.720	0.146	0.203	0.012	-0.219	0.025	0.068	0.008	0.247	0.005	0.745	0.025
409	50	1.508	0.055	2.720	0.146	0.199	0.012	-0.219	0.025	0.068	0.008	0.246	0.005	0.745	0.025
410	50	1.512	0.055	2.680	0.144	0.200	0.012	-0.227	0.025	0.067	0.007	0.246	0.005	0.748	0.025
411	50	1.512	0.055	2.680	0.144	0.201	0.012	-0.227	0.025	0.067	0.007	0.246	0.005	0.748	0.025
412	50	1.532	0.059	2.700	0.146	0.200	0.013	-0.226	0.025	0.067	0.007	0.246	0.006	0.749	0.025
413	50	1.528	0.059	2.700	0.146	0.198	0.013	-0.226	0.025	0.067	0.008	0.246	0.006	0.749	0.025
414	50	1.524	0.058	2.700	0.146	0.198	0.013	-0.226	0.025	0.068	0.008	0.246	0.006	0.747	0.026
415	50	1.512	0.059	2.680	0.150	0.193	0.013	-0.216	0.025	0.067	0.008	0.246	0.006	0.749	0.025
416	50	1.508	0.059	2.680	0.150	0.194	0.013	-0.216	0.025	0.066	0.008	0.245	0.006	0.752	0.025
417	50	1.476	0.054	2.620	0.134	0.195	0.013	-0.218	0.025	0.065	0.008	0.244	0.006	0.754	0.025
418	50	1.468	0.053	2.620	0.134	0.196	0.013	-0.218	0.025	0.066	0.008	0.245	0.006	0.752	0.025
419	50	1.468	0.053	2.600	0.134	0.197	0.013	-0.225	0.025	0.064	0.007	0.244	0.006	0.755	0.024
420	50	1.460	0.054	2.580	0.131	0.193	0.014	-0.226	0.025	0.064	0.007	0.243	0.006	0.758	0.025
421	50	1.448	0.053	2.560	0.134	0.193	0.013	-0.216	0.024	0.063	0.007	0.243	0.006	0.759	0.025
422	50	1.428	0.053	2.540	0.135	0.193	0.013	-0.223	0.025	0.062	0.007	0.242	0.005	0.763	0.024
423	50	1.420	0.054	2.500	0.135	0.189	0.014	-0.235	0.026	0.061	0.007	0.242	0.005	0.764	0.024
424	50	1.416	0.054	2.480	0.135	0.188	0.014	-0.242	0.026	0.061	0.007	0.242	0.006	0.765	0.024
425	50	1.408	0.054	2.480	0.135	0.185	0.013	-0.242	0.026	0.060	0.007	0.242	0.006	0.769	0.024
426	50	1.408	0.054	2.460	0.132	0.185	0.014	-0.244	0.026	0.060	0.007	0.242	0.006	0.769	0.024
427	50	1.400	0.053	2.440	0.128	0.187	0.014	-0.246	0.026	0.060	0.007	0.242	0.006	0.771	0.023
428	50	1.392	0.052	2.440	0.128	0.186	0.014	-0.246	0.026	0.059	0.007	0.242	0.005	0.774	0.022
429	50	1.388	0.052	2.440	0.128	0.183	0.014	-0.246	0.026	0.059	0.007	0.242	0.006	0.773	0.022
430	50	1.380	0.054	2.440	0.128	0.181	0.014	-0.246	0.026	0.058	0.007	0.242	0.006	0.777	0.022
431	50	1.376	0.053	2.440	0.128	0.179	0.014	-0.247	0.026	0.057	0.007	0.241	0.006	0.783	0.022
432	50	1.360	0.052	2.420	0.131	0.176	0.014	-0.237	0.026	0.056	0.007	0.241	0.006	0.784	0.022
433	50	1.356	0.052	2.420	0.131	0.174	0.014	-0.237	0.026	0.056	0.007	0.241	0.006	0.785	0.022
434	50	1.348	0.052	2.400	0.131	0.175	0.014	-0.243	0.027	0.057	0.007	0.242	0.006	0.784	0.022
435	50	1.348	0.052	2.380	0.127	0.175	0.014	-0.245	0.026	0.057	0.007	0.241	0.006	0.784	0.022
436	50	1.348	0.052	2.380	0.127	0.175	0.014	-0.245	0.027	0.058	0.007	0.243	0.006	0.783	0.022
437	50	1.344	0.051	2.380	0.127	0.175	0.014	-0.245	0.026	0.058	0.007	0.243	0.006	0.781	0.023
438	50	1.344	0.051	2.360	0.127	0.174	0.014	-0.252	0.027	0.057	0.007	0.243	0.006	0.784	0.022
439	50	1.344	0.051	2.340	0.130	0.175	0.014	-0.242	0.027	0.057	0.007	0.242	0.006	0.785	0.022
440	50	1.336	0.051	2.320	0.135	0.176	0.014	-0.243	0.027	0.057	0.007	0.242	0.006	0.784	0.023
441	50	1.316	0.052	2.300	0.135	0.168	0.014	-0.248	0.027	0.059	0.008	0.243	0.007	0.781	0.024
442	50	1.316	0.052	2.280	0.134	0.168	0.014	-0.255	0.028	0.059	0.008	0.242	0.007	0.781	0.025
443	50	1.308	0.052	2.260	0.136	0.165	0.015	-0.246	0.028	0.057	0.008	0.241	0.007	0.789	0.024
444	50	1.308	0.052	2.260	0.136	0.165	0.015	-0.246	0.028	0.056	0.008	0.241	0.007	0.793	0.024
445	50	1.304	0.053	2.260	0.136	0.163	0.015	-0.246	0.028	0.055	0.008	0.241	0.007	0.796	0.024
446	50	1.304	0.053	2.240	0.136	0.162	0.015	-0.252	0.028	0.055	0.008	0.241	0.007	0.795	0.024
447	50	1.308	0.054	2.220	0.135	0.161	0.015	-0.259	0.028	0.055	0.008	0.241	0.007	0.797	0.025
448	49	1.306	0.055	2.224	0.134	0.161	0.015	-0.244	0.029	0.050	0.006	0.238	0.006	0.806	0.023
449	49	1.286	0.052	2.184	0.136	0.157	0.015	-0.240	0.029	0.050	0.007	0.238	0.006	0.808	0.023
450	49	1.278	0.051	2.184	0.136	0.153	0.014	-0.239	0.029	0.050	0.007	0.238	0.006	0.807	0.023
451	49	1.269	0.051	2.143	0.140	0.149	0.014	-0.220	0.029	0.050	0.007	0.238	0.006	0.809	0.023
452	49	1.261	0.052	2.122	0.139	0.145	0.014	-0.226	0.029	0.049	0.007	0.237	0.006	0.811	0.023
453	49	1.249	0.051	2.122	0.139	0.141	0.013	-0.226	0.029	0.048	0.007	0.236	0.006	0.816	0.023
454	49	1.249	0.051	2.102	0.138	0.141	0.013	-0.233	0.029	0.049	0.007	0.237	0.006	0.814	0.023
455	49	1.249	0.051	2.102	0.138	0.141	0.013	-0.233	0.029	0.048	0.007	0.237	0.006	0.815	0.023
456	49	1.245	0.050	2.102	0.138	0.142	0.013	-0.233	0.029	0.048	0.007	0.236	0.006	0.814	0.023
457	49	1.245	0.050	2.102	0.138	0.142	0.013	-0.233	0.029	0.048	0.007	0.236	0.006	0.816	0.023
458	49	1.241	0.050	2.082	0.136	0.140	0.013	-0.239	0.030	0.048	0.007	0.236	0.006	0.816	0.023
459	49	1.241	0.050	2.082	0.136	0.140	0.013	-0.239	0.030	0.048	0.007	0.236	0.006	0.816	0.023
460	49	1.229	0.049	2.082	0.136	0.139	0.013	-0.240	0.030	0.048	0.007	0.236	0.006	0.816	0.022
461	49	1.220	0.049	2.082	0.136	0.138	0.013	-0.240	0.030	0.047	0.007	0.235	0.006	0.821	0.023
462	49	1.196	0.043	2.020	0.115	0.137	0.014	-0.247	0.030	0.047	0.007	0.236	0.006	0.818	0.023
463	49	1.196	0.043	2.000	0.113	0.137	0.014	-0.253	0.030	0.048	0.007	0.236	0.006	0.818	0.023
464	49	1.188	0.043	2.000	0.113	0.135	0.014	-0.252	0.030	0.048	0.007	0.236	0.006	0.818	0.023
465	49	1.184	0.043	1.980	0.111	0.134	0.014	-0.259	0.030	0.048	0.007	0.236	0.006	0.818	0.023
466	49	1.184	0.043	1.959	0.113	0.134	0.014	-0.249	0.030	0.047	0.007	0.235	0.006	0.819	0.023
467	49	1.171	0.042	1.959	0.113	0.128	0.013	-0.249	0.030	0.047	0.007	0.236	0.006	0.822	0.023
468	49	1.159	0.042	1.939	0.111	0.124	0.014	-0.256	0.031	0.045	0.007	0.235	0.006	0.828	0.023
469	49	1.155	0.043	1.939	0.111	0.122	0.013	-0.256	0.031	0.046	0.007	0.235	0.006	0.827	0.023
470	48	1.154	0.043	1.917	0.118	0.122	0.014	-0.251	0.031	0.043	0.006	0.234	0.006	0.838	0.021
471	48	1.146	0.044	1.917	0.118	0.117	0.014	-0.250	0.031	0.043	0.006	0.235	0.006	0.837	0.021
472	47	1.153	0.044	1.957	0.114	0.120	0.014	-0.256	0.031	0.044	0.006	0.235	0.006	0.832	0.021
473	47	1.149	0.044	1.936	0.119	0.120	0.014	-0.255	0.031	0.044	0.006	0.235	0.006	0.835	0.021
474	47	1.149	0.044	1.915	0.121	0.120	0.014	-0.244	0.031	0.045	0.007	0.235	0.007	0.830	0.022
475	47	1.132	0.040	1.915	0.121	0.117	0.014	-0.244	0.031	0.045	0.007	0.235	0.007	0.831	0.022
476	47	1.132	0.040	1.894	0.123	0.117	0.014	-0.235	0.031	0.045	0.007	0.235	0.007	0.831	0.021
477	47	1.132	0.040	1.894	0.123	0.117	0.014	-0.235	0.031	0.045	0.006	0.235	0.007	0.830	0.021
478	47	1.123	0.039	1.872	0.124	0.116	0.014	-0.225	0.031	0.044	0.006	0.234	0.006	0.832	0.021
479	47	1.123	0.039	1.872	0.124	0.115	0.014	-0.224	0.031	0.045	0.006	0.235	0.006	0.828	0.021
480	47	1.115	0.037	1.872	0.124	0.113	0.014	-0.225	0.031	0.044	0.006	0.234	0.006	0.831	0.021
481	47	1.102	0.035	1.872	0.124	0.112	0.014	-0.224	0.031	0.044	0.006	0.234	0.007	0.833	0.022
482	47	1.098	0.034	1.851	0.129	0.109	0.013	-0.224	0.031	0.044	0.006	0.234	0.006	0.835	0.022
483	47	1.089	0.033	1.809	0.120	0.105	0.014	-0.233	0.031	0.043	0.006	0.234	0.006	0.838	0.021
484	47	1.089	0.034	1.809	0.120	0.104	0.013	-0.232	0.031	0.041	0.006	0.233	0.006	0.843	0.020
485	47	1.085	0.034	1.809	0.120	0.102	0.014	-0.232	0.031	0.041	0.006	0.233	0.006	0.845	0.020
486	47	1.072	0.034	1.809	0.120	0.096	0.014	-0.232	0.031	0.040	0.006	0.232	0.006	0.847	0.020
487	46	1.078	0.034	1.804	0.127	0.098	0.014	-0.237	0.031	0.041	0.006	0.232	0.007	0.842	0.021
488	46	1.078	0.034	1.804	0.127	0.098	0.014	-0.236	0.031	0.041	0.006	0.233	0.007	0.842	0.021
489	46	1.078	0.034	1.804	0.127	0.099	0.014	-0.237	0.031	0.042	0.006	0.232	0.007	0.838	0.021
490	46	1.078	0.034	1.804	0.127	0.099	0.014	-0.236	0.031	0.043	0.006	0.232	0.007	0.836	0.021
491	46	1.065	0.035	1.783	0.124	0.095	0.014	-0.244	0.032	0.041	0.006	0.231	0.007	0.845	0.022
492	46	1.065	0.035	1.739	0.126	0.096	0.014	-0.225	0.032	0.041	0.006	0.231	0.007	0.843	0.022
493	46	1.061	0.035	1.717	0.123	0.093	0.014	-0.233	0.032	0.041	0.006	0.231	0.007	0.842	0.022
494	46	1.061	0.035	1.717	0.123	0.093	0.014	-0.232	0.032	0.042	0.006	0.232	0.007	0.840	0.023
495	46	1.061	0.035	1.696	0.124	0.093	0.014	-0.222	0.032	0.041	0.006	0.231	0.007	0.841	0.023
496	46	1.052	0.035	1.696	0.124	0.088	0.014	-0.222	0.032	0.040	0.006	0.230	0.007	0.848	0.023
497	45	1.058	0.036	1.733	0.121	0.090	0.014	-0.227	0.033	0.042	0.007	0.231	0.007	0.839	0.023
498	45	1.058	0.036	1.733	0.121	0.091	0.014	-0.226	0.032	0.041	0.007	0.230	0.006	0.840	0.024
499	45	1.058	0.036	1.689	0.118	0.091	0.014	-0.223	0.033	0.041	0.006	0.230	0.006	0.840	0.023
500	45	1.049	0.035	1.667	0.115	0.089	0.015	-0.230	0.033	0.039	0.006	0.229	0.006	0.846	0.023
