Mating System: Maternal Dominant Sporophytic Self Incompatibility, with Distance-Dependent Pollination

Runs=50, Generations=500, Initial PopSize=250, Safe Sites=0.250, First Reproduction=2
Maximum Per-Capita Ovule Production=100.000, Seed Establishment=0.050, Deathrate=0.050
Pollen Dispersal Range=142, Seed Dispersal Range=50, SI Alleles=10, Neutral Alleles=3

GEN	NRUN	NGENE	ERR1	SGENE	ERR2	NVAR	ERR3	SVAR	ERR4	HO	ERR5	HE	ERR6	FIS	ERR7
0	50	2.800	0.000	9.000	0.000	-0.055	0.000	-0.002	0.000	0.665	0.002	0.687	0.000	0.033	0.003
1	50	2.800	0.000	9.000	0.000	-0.055	0.000	-0.002	0.000	0.665	0.002	0.687	0.000	0.032	0.003
2	50	2.800	0.000	9.000	0.000	-0.055	0.000	-0.002	0.000	0.666	0.002	0.687	0.000	0.031	0.003
3	50	2.800	0.000	9.000	0.000	-0.055	0.000	-0.002	0.000	0.666	0.002	0.686	0.001	0.030	0.003
4	50	2.800	0.000	9.000	0.000	-0.054	0.000	-0.002	0.000	0.665	0.002	0.685	0.001	0.028	0.003
5	50	2.800	0.000	9.000	0.000	-0.052	0.001	-0.002	0.000	0.665	0.002	0.682	0.001	0.025	0.003
6	50	2.800	0.000	9.000	0.000	-0.051	0.001	-0.001	0.000	0.665	0.002	0.679	0.001	0.022	0.003
7	50	2.800	0.000	9.000	0.000	-0.049	0.001	-0.001	0.000	0.664	0.002	0.676	0.001	0.018	0.003
8	50	2.800	0.000	9.000	0.000	-0.047	0.001	-0.000	0.000	0.662	0.002	0.672	0.002	0.015	0.003
9	50	2.800	0.000	9.000	0.000	-0.045	0.001	-0.000	0.000	0.662	0.002	0.668	0.002	0.010	0.003
10	50	2.800	0.000	9.000	0.000	-0.042	0.002	0.000	0.000	0.660	0.001	0.664	0.002	0.005	0.004
11	50	2.800	0.000	9.000	0.000	-0.040	0.002	0.001	0.000	0.659	0.002	0.660	0.003	0.001	0.004
12	50	2.800	0.000	9.000	0.000	-0.038	0.002	0.001	0.000	0.658	0.002	0.657	0.003	-0.003	0.004
13	50	2.800	0.000	9.000	0.000	-0.036	0.002	0.002	0.000	0.656	0.002	0.653	0.003	-0.005	0.004
14	50	2.800	0.000	9.000	0.000	-0.033	0.002	0.002	0.000	0.655	0.002	0.650	0.003	-0.009	0.005
15	50	2.800	0.000	9.000	0.000	-0.032	0.002	0.002	0.000	0.653	0.002	0.647	0.003	-0.011	0.005
16	50	2.800	0.000	9.000	0.000	-0.030	0.002	0.003	0.000	0.651	0.002	0.644	0.004	-0.013	0.005
17	50	2.800	0.000	9.000	0.000	-0.028	0.003	0.003	0.000	0.650	0.002	0.641	0.004	-0.017	0.005
18	50	2.800	0.000	9.000	0.000	-0.027	0.003	0.003	0.000	0.648	0.002	0.638	0.004	-0.017	0.006
19	50	2.800	0.000	9.000	0.000	-0.026	0.003	0.004	0.000	0.646	0.002	0.636	0.004	-0.018	0.006
20	50	2.800	0.000	9.000	0.000	-0.024	0.003	0.004	0.000	0.645	0.002	0.634	0.004	-0.020	0.006
21	50	2.800	0.000	9.000	0.000	-0.023	0.003	0.004	0.000	0.643	0.003	0.632	0.004	-0.020	0.006
22	50	2.800	0.000	9.000	0.000	-0.022	0.003	0.004	0.001	0.642	0.003	0.630	0.005	-0.021	0.006
23	50	2.800	0.000	9.000	0.000	-0.021	0.003	0.004	0.001	0.641	0.003	0.628	0.005	-0.023	0.006
24	50	2.800	0.000	9.000	0.000	-0.019	0.003	0.004	0.001	0.640	0.003	0.626	0.005	-0.024	0.006
25	50	2.800	0.000	9.000	0.000	-0.019	0.003	0.005	0.001	0.639	0.003	0.625	0.005	-0.024	0.006
26	50	2.800	0.000	9.000	0.000	-0.018	0.003	0.005	0.001	0.638	0.003	0.624	0.005	-0.024	0.006
27	50	2.800	0.000	9.000	0.000	-0.017	0.003	0.005	0.001	0.636	0.003	0.623	0.005	-0.023	0.006
28	50	2.800	0.000	9.000	0.000	-0.016	0.003	0.005	0.001	0.635	0.003	0.622	0.005	-0.024	0.006
29	50	2.800	0.000	9.000	0.000	-0.015	0.003	0.005	0.001	0.633	0.004	0.620	0.005	-0.023	0.006
30	50	2.800	0.000	9.000	0.000	-0.014	0.003	0.005	0.001	0.632	0.004	0.619	0.005	-0.023	0.006
31	50	2.800	0.000	9.000	0.000	-0.014	0.003	0.005	0.001	0.631	0.004	0.618	0.005	-0.022	0.006
32	50	2.800	0.000	9.000	0.000	-0.014	0.003	0.005	0.001	0.631	0.004	0.619	0.005	-0.021	0.006
33	50	2.800	0.000	9.000	0.000	-0.014	0.003	0.005	0.001	0.631	0.004	0.619	0.005	-0.021	0.006
34	50	2.800	0.000	9.000	0.000	-0.014	0.003	0.005	0.001	0.630	0.004	0.619	0.005	-0.021	0.006
35	50	2.800	0.000	9.000	0.000	-0.014	0.003	0.005	0.001	0.630	0.004	0.618	0.005	-0.021	0.006
36	50	2.800	0.000	9.000	0.000	-0.014	0.003	0.005	0.001	0.630	0.004	0.618	0.005	-0.021	0.006
37	50	2.800	0.000	9.000	0.000	-0.014	0.003	0.005	0.001	0.630	0.004	0.618	0.006	-0.021	0.006
38	50	2.800	0.000	9.000	0.000	-0.014	0.003	0.005	0.001	0.628	0.004	0.618	0.006	-0.018	0.006
39	50	2.800	0.000	9.000	0.000	-0.013	0.004	0.005	0.001	0.628	0.005	0.618	0.006	-0.018	0.007
40	50	2.800	0.000	9.000	0.000	-0.013	0.004	0.005	0.001	0.627	0.005	0.617	0.006	-0.019	0.007
41	50	2.800	0.000	9.000	0.000	-0.012	0.004	0.005	0.001	0.627	0.005	0.616	0.006	-0.020	0.007
42	50	2.800	0.000	9.000	0.000	-0.012	0.004	0.005	0.001	0.627	0.005	0.615	0.006	-0.021	0.007
43	50	2.800	0.000	9.000	0.000	-0.011	0.004	0.006	0.001	0.626	0.005	0.615	0.006	-0.021	0.007
44	50	2.800	0.000	9.000	0.000	-0.011	0.004	0.006	0.001	0.626	0.005	0.615	0.006	-0.020	0.007
45	50	2.800	0.000	9.000	0.000	-0.011	0.004	0.006	0.001	0.625	0.005	0.614	0.006	-0.020	0.007
46	50	2.800	0.000	9.000	0.000	-0.011	0.004	0.006	0.001	0.624	0.005	0.614	0.006	-0.020	0.007
47	50	2.800	0.000	9.000	0.000	-0.011	0.004	0.006	0.001	0.624	0.005	0.613	0.006	-0.019	0.007
48	50	2.800	0.000	9.000	0.000	-0.011	0.004	0.006	0.001	0.623	0.005	0.613	0.007	-0.018	0.007
49	50	2.800	0.000	9.000	0.000	-0.011	0.004	0.006	0.001	0.622	0.005	0.612	0.007	-0.018	0.007
50	50	2.800	0.000	9.000	0.000	-0.010	0.004	0.006	0.001	0.621	0.005	0.612	0.007	-0.018	0.007
51	50	2.800	0.000	9.000	0.000	-0.010	0.004	0.006	0.001	0.621	0.005	0.611	0.007	-0.018	0.007
52	50	2.800	0.000	9.000	0.000	-0.010	0.004	0.006	0.001	0.620	0.006	0.611	0.007	-0.017	0.007
53	50	2.800	0.000	9.000	0.000	-0.010	0.004	0.006	0.001	0.619	0.006	0.610	0.007	-0.016	0.007
54	50	2.800	0.000	9.000	0.000	-0.009	0.004	0.006	0.001	0.618	0.006	0.610	0.007	-0.015	0.007
55	50	2.800	0.000	9.000	0.000	-0.009	0.004	0.006	0.001	0.616	0.006	0.609	0.007	-0.014	0.007
56	50	2.800	0.000	9.000	0.000	-0.008	0.004	0.006	0.001	0.615	0.006	0.608	0.007	-0.014	0.007
57	50	2.800	0.000	9.000	0.000	-0.008	0.004	0.006	0.001	0.613	0.006	0.607	0.007	-0.013	0.007
58	50	2.800	0.000	9.000	0.000	-0.008	0.004	0.006	0.001	0.612	0.006	0.606	0.007	-0.012	0.007
59	50	2.800	0.000	9.000	0.000	-0.007	0.005	0.006	0.001	0.611	0.006	0.605	0.007	-0.012	0.007
60	50	2.800	0.000	9.000	0.000	-0.007	0.005	0.006	0.001	0.611	0.006	0.605	0.007	-0.013	0.007
61	50	2.800	0.000	9.000	0.000	-0.006	0.005	0.006	0.001	0.609	0.006	0.603	0.007	-0.011	0.007
62	50	2.800	0.000	9.000	0.000	-0.005	0.005	0.006	0.001	0.608	0.006	0.602	0.007	-0.012	0.007
63	50	2.800	0.000	9.000	0.000	-0.005	0.005	0.006	0.001	0.606	0.006	0.601	0.007	-0.012	0.007
64	50	2.800	0.000	9.000	0.000	-0.004	0.005	0.006	0.001	0.605	0.006	0.599	0.008	-0.012	0.007
65	50	2.800	0.000	9.000	0.000	-0.003	0.005	0.007	0.001	0.603	0.006	0.597	0.008	-0.012	0.007
66	50	2.800	0.000	9.000	0.000	-0.002	0.005	0.007	0.001	0.602	0.006	0.596	0.008	-0.013	0.007
67	50	2.800	0.000	9.000	0.000	-0.001	0.005	0.007	0.001	0.601	0.006	0.594	0.008	-0.014	0.007
68	50	2.800	0.000	9.000	0.000	-0.000	0.005	0.007	0.001	0.600	0.007	0.593	0.008	-0.015	0.007
69	50	2.800	0.000	9.000	0.000	0.001	0.005	0.007	0.001	0.598	0.007	0.591	0.008	-0.015	0.007
70	50	2.800	0.000	9.000	0.000	0.002	0.005	0.007	0.001	0.596	0.007	0.589	0.008	-0.015	0.007
71	50	2.800	0.000	9.000	0.000	0.002	0.005	0.007	0.001	0.595	0.007	0.588	0.008	-0.015	0.007
72	50	2.800	0.000	9.000	0.000	0.003	0.005	0.007	0.001	0.594	0.007	0.587	0.008	-0.014	0.007
73	50	2.800	0.000	9.000	0.000	0.003	0.005	0.008	0.001	0.593	0.007	0.586	0.008	-0.014	0.007
74	50	2.800	0.000	9.000	0.000	0.004	0.005	0.008	0.001	0.593	0.007	0.585	0.008	-0.016	0.007
75	50	2.800	0.000	9.000	0.000	0.004	0.005	0.008	0.001	0.592	0.007	0.584	0.008	-0.016	0.007
76	50	2.800	0.000	9.000	0.000	0.005	0.005	0.008	0.001	0.591	0.007	0.584	0.008	-0.016	0.007
77	50	2.800	0.000	9.000	0.000	0.005	0.005	0.008	0.001	0.591	0.007	0.583	0.008	-0.015	0.007
78	50	2.800	0.000	9.000	0.000	0.006	0.005	0.008	0.001	0.589	0.007	0.582	0.008	-0.015	0.007
79	50	2.800	0.000	9.000	0.000	0.006	0.005	0.008	0.001	0.588	0.007	0.581	0.008	-0.014	0.007
80	50	2.800	0.000	9.000	0.000	0.007	0.005	0.008	0.001	0.587	0.007	0.580	0.008	-0.015	0.006
81	50	2.800	0.000	9.000	0.000	0.008	0.005	0.008	0.001	0.586	0.007	0.579	0.008	-0.015	0.006
82	50	2.800	0.000	9.000	0.000	0.008	0.005	0.008	0.001	0.586	0.007	0.578	0.008	-0.015	0.006
83	50	2.800	0.000	9.000	0.000	0.009	0.005	0.008	0.001	0.585	0.007	0.577	0.008	-0.016	0.007
84	50	2.800	0.000	9.000	0.000	0.010	0.005	0.008	0.001	0.584	0.008	0.576	0.008	-0.017	0.007
85	50	2.800	0.000	9.000	0.000	0.010	0.005	0.009	0.001	0.584	0.008	0.575	0.008	-0.017	0.007
86	50	2.800	0.000	9.000	0.000	0.011	0.005	0.009	0.001	0.583	0.008	0.574	0.009	-0.017	0.006
87	50	2.800	0.000	9.000	0.000	0.012	0.005	0.009	0.001	0.581	0.008	0.573	0.009	-0.017	0.006
88	50	2.800	0.000	9.000	0.000	0.012	0.005	0.009	0.001	0.581	0.008	0.572	0.009	-0.018	0.006
89	50	2.800	0.000	9.000	0.000	0.013	0.005	0.009	0.001	0.580	0.008	0.571	0.009	-0.017	0.007
90	50	2.800	0.000	9.000	0.000	0.014	0.005	0.009	0.001	0.579	0.009	0.570	0.009	-0.017	0.007
91	50	2.800	0.000	9.000	0.000	0.014	0.005	0.009	0.001	0.577	0.009	0.569	0.009	-0.018	0.007
92	50	2.800	0.000	9.000	0.000	0.015	0.005	0.009	0.001	0.577	0.009	0.568	0.009	-0.018	0.007
93	50	2.800	0.000	8.980	0.020	0.016	0.005	0.009	0.001	0.576	0.009	0.567	0.009	-0.018	0.007
94	50	2.800	0.000	8.980	0.020	0.016	0.005	0.009	0.001	0.575	0.009	0.566	0.009	-0.018	0.007
95	50	2.800	0.000	8.980	0.020	0.016	0.005	0.009	0.001	0.574	0.009	0.565	0.009	-0.018	0.007
96	50	2.800	0.000	8.980	0.020	0.017	0.006	0.009	0.001	0.574	0.009	0.564	0.010	-0.018	0.007
97	50	2.800	0.000	8.980	0.020	0.017	0.006	0.009	0.001	0.572	0.009	0.563	0.010	-0.018	0.007
98	50	2.800	0.000	8.980	0.020	0.018	0.006	0.009	0.001	0.572	0.010	0.563	0.010	-0.018	0.007
99	50	2.800	0.000	8.980	0.020	0.019	0.006	0.009	0.001	0.570	0.010	0.561	0.010	-0.018	0.008
100	50	2.800	0.000	8.980	0.020	0.019	0.006	0.010	0.001	0.570	0.010	0.561	0.010	-0.019	0.008
101	50	2.800	0.000	8.980	0.020	0.020	0.006	0.010	0.001	0.568	0.010	0.559	0.010	-0.018	0.008
102	50	2.800	0.000	8.980	0.020	0.020	0.006	0.010	0.001	0.566	0.010	0.558	0.010	-0.016	0.008
103	50	2.800	0.000	8.980	0.020	0.021	0.006	0.010	0.001	0.566	0.010	0.558	0.010	-0.017	0.008
104	50	2.800	0.000	8.980	0.020	0.021	0.006	0.010	0.001	0.565	0.010	0.557	0.010	-0.017	0.008
105	50	2.800	0.000	8.960	0.028	0.022	0.006	0.010	0.001	0.564	0.010	0.556	0.010	-0.017	0.008
106	50	2.800	0.000	8.940	0.034	0.022	0.006	0.010	0.001	0.563	0.010	0.555	0.010	-0.017	0.007
107	50	2.800	0.000	8.940	0.034	0.023	0.006	0.010	0.001	0.562	0.010	0.554	0.010	-0.017	0.007
108	50	2.800	0.000	8.920	0.039	0.023	0.006	0.010	0.001	0.561	0.010	0.553	0.010	-0.016	0.007
109	50	2.800	0.000	8.900	0.043	0.024	0.006	0.011	0.001	0.559	0.010	0.552	0.010	-0.016	0.007
110	50	2.800	0.000	8.900	0.043	0.025	0.006	0.011	0.001	0.558	0.010	0.551	0.010	-0.015	0.007
111	50	2.800	0.000	8.900	0.043	0.025	0.006	0.011	0.001	0.557	0.010	0.551	0.010	-0.014	0.007
112	50	2.800	0.000	8.900	0.043	0.025	0.006	0.011	0.001	0.555	0.010	0.550	0.010	-0.012	0.007
113	50	2.800	0.000	8.900	0.043	0.026	0.006	0.011	0.001	0.555	0.010	0.550	0.011	-0.012	0.007
114	50	2.800	0.000	8.900	0.043	0.026	0.006	0.011	0.001	0.555	0.010	0.549	0.011	-0.012	0.007
115	50	2.800	0.000	8.900	0.043	0.026	0.006	0.011	0.001	0.554	0.010	0.549	0.011	-0.011	0.007
116	50	2.800	0.000	8.900	0.043	0.026	0.006	0.011	0.001	0.553	0.010	0.549	0.011	-0.010	0.007
117	50	2.800	0.000	8.880	0.046	0.026	0.006	0.011	0.001	0.553	0.010	0.548	0.011	-0.012	0.007
118	50	2.800	0.000	8.880	0.046	0.027	0.006	0.011	0.001	0.553	0.010	0.548	0.011	-0.012	0.007
119	50	2.800	0.000	8.880	0.046	0.027	0.006	0.011	0.001	0.552	0.010	0.547	0.011	-0.011	0.008
120	50	2.800	0.000	8.880	0.046	0.027	0.006	0.011	0.001	0.551	0.010	0.547	0.011	-0.011	0.007
121	50	2.800	0.000	8.860	0.050	0.027	0.006	0.011	0.001	0.550	0.010	0.546	0.011	-0.010	0.007
122	50	2.800	0.000	8.840	0.052	0.028	0.007	0.011	0.001	0.550	0.010	0.546	0.011	-0.010	0.007
123	50	2.800	0.000	8.820	0.055	0.028	0.007	0.011	0.001	0.549	0.010	0.545	0.011	-0.010	0.007
124	50	2.800	0.000	8.820	0.055	0.028	0.007	0.011	0.001	0.548	0.010	0.545	0.011	-0.010	0.007
125	50	2.800	0.000	8.820	0.055	0.029	0.007	0.011	0.001	0.547	0.010	0.543	0.011	-0.010	0.007
126	50	2.800	0.000	8.820	0.055	0.029	0.007	0.011	0.001	0.546	0.010	0.543	0.011	-0.009	0.007
127	50	2.800	0.000	8.780	0.066	0.029	0.007	0.011	0.001	0.546	0.010	0.542	0.011	-0.010	0.007
128	50	2.800	0.000	8.740	0.069	0.030	0.007	0.011	0.001	0.545	0.010	0.541	0.011	-0.010	0.008
129	50	2.800	0.000	8.740	0.069	0.030	0.007	0.011	0.001	0.544	0.010	0.540	0.011	-0.009	0.008
130	50	2.800	0.000	8.700	0.071	0.030	0.007	0.012	0.001	0.543	0.010	0.540	0.011	-0.009	0.008
131	50	2.800	0.000	8.700	0.071	0.031	0.007	0.012	0.001	0.542	0.010	0.539	0.011	-0.009	0.008
132	50	2.800	0.000	8.700	0.071	0.031	0.007	0.012	0.001	0.542	0.010	0.539	0.011	-0.009	0.008
133	50	2.800	0.000	8.700	0.071	0.031	0.007	0.012	0.001	0.541	0.010	0.538	0.011	-0.008	0.008
134	50	2.800	0.000	8.700	0.071	0.031	0.007	0.012	0.001	0.539	0.010	0.537	0.011	-0.007	0.008
135	50	2.800	0.000	8.700	0.071	0.032	0.007	0.012	0.001	0.538	0.010	0.536	0.011	-0.007	0.008
136	50	2.800	0.000	8.700	0.071	0.032	0.007	0.012	0.001	0.538	0.011	0.535	0.011	-0.008	0.008
137	50	2.800	0.000	8.680	0.073	0.033	0.007	0.012	0.001	0.538	0.011	0.534	0.011	-0.009	0.008
138	50	2.800	0.000	8.660	0.073	0.034	0.007	0.012	0.001	0.537	0.010	0.533	0.011	-0.010	0.008
139	50	2.800	0.000	8.640	0.074	0.035	0.007	0.012	0.001	0.536	0.011	0.532	0.011	-0.010	0.008
140	50	2.800	0.000	8.620	0.080	0.036	0.007	0.013	0.001	0.535	0.011	0.531	0.011	-0.011	0.008
141	50	2.800	0.000	8.580	0.081	0.037	0.007	0.013	0.001	0.534	0.011	0.530	0.011	-0.011	0.008
142	50	2.800	0.000	8.580	0.081	0.038	0.007	0.013	0.001	0.532	0.011	0.527	0.011	-0.012	0.008
143	50	2.800	0.000	8.520	0.087	0.038	0.007	0.013	0.001	0.531	0.011	0.526	0.011	-0.012	0.008
144	50	2.800	0.000	8.480	0.087	0.039	0.007	0.013	0.001	0.530	0.011	0.525	0.011	-0.013	0.008
145	50	2.800	0.000	8.460	0.091	0.040	0.007	0.013	0.001	0.528	0.011	0.523	0.011	-0.013	0.008
146	50	2.800	0.000	8.460	0.091	0.041	0.007	0.013	0.001	0.526	0.011	0.521	0.011	-0.012	0.008
147	50	2.800	0.000	8.460	0.091	0.042	0.007	0.014	0.001	0.524	0.011	0.520	0.011	-0.012	0.008
148	50	2.800	0.000	8.420	0.091	0.043	0.007	0.014	0.001	0.523	0.010	0.518	0.011	-0.012	0.008
149	50	2.800	0.000	8.420	0.091	0.043	0.007	0.014	0.001	0.522	0.011	0.518	0.011	-0.011	0.008
150	50	2.800	0.000	8.420	0.091	0.043	0.007	0.014	0.001	0.522	0.011	0.518	0.011	-0.011	0.008
151	50	2.800	0.000	8.420	0.091	0.043	0.007	0.014	0.002	0.521	0.011	0.518	0.011	-0.009	0.008
152	50	2.800	0.000	8.420	0.091	0.043	0.007	0.014	0.002	0.521	0.011	0.518	0.011	-0.009	0.008
153	50	2.800	0.000	8.380	0.094	0.044	0.007	0.014	0.002	0.520	0.011	0.517	0.011	-0.009	0.008
154	50	2.800	0.000	8.360	0.098	0.044	0.007	0.014	0.002	0.519	0.011	0.516	0.011	-0.009	0.009
155	50	2.796	0.004	8.360	0.098	0.044	0.007	0.014	0.002	0.519	0.011	0.515	0.011	-0.010	0.009
156	50	2.796	0.004	8.360	0.098	0.044	0.007	0.014	0.002	0.518	0.011	0.514	0.011	-0.010	0.009
157	50	2.796	0.004	8.360	0.098	0.045	0.007	0.014	0.002	0.517	0.011	0.513	0.011	-0.010	0.009
158	50	2.796	0.004	8.360	0.098	0.045	0.007	0.014	0.002	0.517	0.011	0.513	0.011	-0.011	0.009
159	50	2.796	0.004	8.360	0.098	0.045	0.007	0.014	0.002	0.517	0.011	0.513	0.011	-0.011	0.009
160	50	2.796	0.004	8.340	0.101	0.045	0.007	0.014	0.002	0.517	0.011	0.513	0.011	-0.010	0.009
161	50	2.796	0.004	8.300	0.104	0.046	0.007	0.014	0.002	0.517	0.011	0.513	0.011	-0.011	0.009
162	50	2.796	0.004	8.240	0.109	0.046	0.007	0.014	0.002	0.516	0.011	0.512	0.011	-0.010	0.009
163	50	2.796	0.004	8.220	0.108	0.047	0.007	0.014	0.002	0.515	0.011	0.511	0.011	-0.011	0.009
164	50	2.796	0.004	8.200	0.107	0.047	0.007	0.014	0.002	0.514	0.011	0.510	0.011	-0.011	0.009
165	50	2.796	0.004	8.200	0.107	0.047	0.007	0.014	0.002	0.514	0.011	0.510	0.011	-0.011	0.009
166	50	2.796	0.004	8.200	0.107	0.048	0.007	0.014	0.002	0.513	0.011	0.509	0.011	-0.011	0.009
167	50	2.796	0.004	8.180	0.110	0.048	0.007	0.015	0.002	0.513	0.011	0.508	0.011	-0.012	0.009
168	50	2.796	0.004	8.160	0.116	0.048	0.007	0.015	0.002	0.511	0.011	0.507	0.011	-0.011	0.009
169	50	2.792	0.006	8.140	0.114	0.049	0.007	0.015	0.002	0.511	0.011	0.506	0.011	-0.012	0.009
170	50	2.788	0.007	8.140	0.114	0.049	0.007	0.015	0.002	0.510	0.011	0.505	0.011	-0.011	0.009
171	50	2.788	0.007	8.140	0.114	0.049	0.007	0.015	0.002	0.509	0.011	0.504	0.011	-0.011	0.009
172	50	2.788	0.007	8.140	0.114	0.050	0.007	0.015	0.002	0.508	0.011	0.504	0.011	-0.012	0.009
173	50	2.788	0.007	8.120	0.113	0.050	0.007	0.015	0.002	0.507	0.011	0.503	0.011	-0.012	0.010
174	50	2.788	0.007	8.100	0.112	0.051	0.007	0.015	0.002	0.507	0.011	0.502	0.012	-0.013	0.010
175	50	2.784	0.010	8.040	0.121	0.050	0.007	0.015	0.002	0.506	0.011	0.500	0.012	-0.014	0.010
176	50	2.784	0.010	8.040	0.121	0.051	0.007	0.015	0.002	0.504	0.011	0.500	0.012	-0.012	0.010
177	50	2.784	0.010	8.020	0.123	0.051	0.007	0.015	0.002	0.503	0.012	0.499	0.012	-0.012	0.010
178	50	2.784	0.010	8.000	0.121	0.051	0.007	0.015	0.002	0.502	0.012	0.498	0.012	-0.012	0.010
179	50	2.784	0.010	8.000	0.121	0.052	0.007	0.015	0.002	0.502	0.012	0.497	0.012	-0.013	0.009
180	50	2.784	0.010	8.000	0.121	0.052	0.008	0.015	0.002	0.501	0.012	0.496	0.012	-0.013	0.009
181	50	2.784	0.010	7.940	0.126	0.053	0.008	0.015	0.002	0.499	0.012	0.495	0.012	-0.013	0.009
182	50	2.784	0.010	7.940	0.126	0.053	0.008	0.015	0.002	0.498	0.012	0.494	0.012	-0.012	0.010
183	50	2.784	0.010	7.900	0.129	0.054	0.008	0.015	0.002	0.496	0.012	0.493	0.012	-0.011	0.010
184	50	2.780	0.013	7.880	0.127	0.055	0.008	0.015	0.002	0.495	0.012	0.492	0.012	-0.010	0.010
185	50	2.776	0.014	7.840	0.126	0.054	0.007	0.015	0.002	0.494	0.012	0.491	0.012	-0.011	0.010
186	50	2.776	0.014	7.820	0.130	0.054	0.007	0.015	0.002	0.493	0.012	0.491	0.012	-0.010	0.010
187	50	2.776	0.014	7.800	0.131	0.055	0.007	0.015	0.002	0.493	0.012	0.490	0.013	-0.010	0.010
188	50	2.776	0.014	7.780	0.132	0.055	0.007	0.016	0.002	0.492	0.012	0.489	0.013	-0.009	0.010
189	50	2.776	0.014	7.700	0.132	0.056	0.007	0.016	0.002	0.491	0.012	0.488	0.013	-0.009	0.010
190	50	2.776	0.014	7.700	0.132	0.057	0.007	0.016	0.002	0.489	0.012	0.487	0.013	-0.009	0.010
191	50	2.772	0.014	7.680	0.129	0.057	0.008	0.016	0.002	0.487	0.012	0.486	0.013	-0.007	0.010
192	50	2.772	0.014	7.660	0.133	0.057	0.008	0.016	0.002	0.486	0.012	0.485	0.013	-0.006	0.010
193	50	2.768	0.015	7.620	0.127	0.057	0.008	0.016	0.002	0.485	0.012	0.485	0.013	-0.005	0.010
194	50	2.768	0.015	7.580	0.125	0.057	0.008	0.016	0.002	0.485	0.012	0.485	0.013	-0.006	0.010
195	50	2.768	0.015	7.560	0.122	0.057	0.008	0.016	0.002	0.485	0.012	0.485	0.013	-0.007	0.010
196	50	2.768	0.015	7.480	0.129	0.058	0.008	0.016	0.002	0.484	0.012	0.484	0.013	-0.006	0.010
197	50	2.768	0.015	7.460	0.132	0.058	0.008	0.016	0.002	0.483	0.012	0.483	0.013	-0.006	0.011
198	50	2.764	0.016	7.420	0.143	0.058	0.007	0.015	0.002	0.482	0.012	0.482	0.013	-0.007	0.011
199	50	2.764	0.016	7.400	0.143	0.058	0.007	0.015	0.002	0.481	0.012	0.481	0.013	-0.007	0.011
200	50	2.764	0.016	7.360	0.145	0.059	0.007	0.015	0.002	0.481	0.012	0.480	0.013	-0.008	0.011
201	50	2.760	0.016	7.360	0.145	0.058	0.007	0.015	0.002	0.480	0.012	0.480	0.013	-0.006	0.011
202	50	2.760	0.016	7.360	0.145	0.057	0.007	0.015	0.002	0.479	0.012	0.479	0.013	-0.005	0.011
203	50	2.760	0.016	7.320	0.147	0.057	0.007	0.015	0.002	0.478	0.012	0.479	0.013	-0.004	0.011
204	50	2.756	0.016	7.300	0.146	0.057	0.007	0.015	0.002	0.478	0.012	0.478	0.013	-0.004	0.011
205	50	2.752	0.017	7.260	0.148	0.059	0.008	0.015	0.002	0.478	0.012	0.478	0.013	-0.005	0.011
206	50	2.752	0.017	7.200	0.151	0.059	0.008	0.015	0.002	0.478	0.012	0.477	0.013	-0.006	0.011
207	50	2.752	0.017	7.200	0.151	0.059	0.008	0.015	0.002	0.477	0.012	0.477	0.013	-0.006	0.011
208	50	2.752	0.017	7.160	0.149	0.059	0.008	0.015	0.002	0.478	0.012	0.477	0.013	-0.008	0.011
209	50	2.752	0.017	7.140	0.148	0.059	0.008	0.014	0.002	0.478	0.012	0.476	0.013	-0.008	0.011
210	50	2.752	0.017	7.120	0.147	0.060	0.008	0.014	0.002	0.477	0.012	0.476	0.013	-0.007	0.011
211	50	2.748	0.017	7.100	0.149	0.062	0.008	0.014	0.002	0.476	0.012	0.476	0.013	-0.006	0.011
212	50	2.748	0.017	7.040	0.143	0.062	0.008	0.014	0.002	0.476	0.012	0.475	0.013	-0.006	0.011
213	50	2.748	0.017	7.020	0.147	0.062	0.008	0.014	0.002	0.475	0.012	0.475	0.013	-0.006	0.011
214	50	2.748	0.017	6.940	0.141	0.062	0.008	0.014	0.002	0.475	0.012	0.475	0.013	-0.006	0.011
215	50	2.748	0.017	6.940	0.141	0.062	0.008	0.014	0.002	0.474	0.012	0.475	0.013	-0.002	0.011
216	50	2.748	0.017	6.920	0.140	0.062	0.008	0.014	0.002	0.473	0.012	0.475	0.013	-0.001	0.010
217	50	2.748	0.017	6.860	0.134	0.063	0.008	0.014	0.002	0.473	0.012	0.475	0.013	-0.002	0.010
218	50	2.748	0.017	6.820	0.145	0.063	0.008	0.014	0.002	0.472	0.012	0.474	0.013	-0.002	0.011
219	50	2.748	0.017	6.820	0.145	0.063	0.008	0.014	0.002	0.471	0.012	0.474	0.013	-0.001	0.011
220	50	2.740	0.018	6.780	0.149	0.061	0.008	0.014	0.002	0.471	0.012	0.474	0.014	-0.000	0.011
221	50	2.740	0.018	6.780	0.149	0.061	0.008	0.014	0.002	0.471	0.012	0.474	0.014	0.001	0.011
222	50	2.736	0.019	6.760	0.150	0.063	0.008	0.014	0.002	0.469	0.013	0.473	0.014	0.001	0.011
223	50	2.736	0.019	6.680	0.150	0.063	0.008	0.014	0.002	0.468	0.013	0.473	0.014	0.002	0.011
224	50	2.728	0.020	6.680	0.150	0.062	0.008	0.014	0.002	0.468	0.013	0.473	0.014	0.002	0.011
225	50	2.728	0.020	6.680	0.150	0.062	0.008	0.014	0.002	0.468	0.013	0.472	0.014	0.002	0.012
226	50	2.724	0.020	6.680	0.150	0.064	0.008	0.014	0.002	0.467	0.013	0.471	0.014	0.001	0.012
227	50	2.724	0.020	6.640	0.148	0.064	0.008	0.014	0.002	0.467	0.013	0.471	0.014	0.002	0.012
228	50	2.712	0.021	6.600	0.146	0.063	0.009	0.014	0.002	0.465	0.013	0.471	0.014	0.004	0.012
229	50	2.712	0.021	6.600	0.146	0.063	0.009	0.014	0.002	0.464	0.013	0.470	0.014	0.006	0.012
230	50	2.704	0.024	6.580	0.149	0.066	0.009	0.014	0.002	0.463	0.013	0.470	0.014	0.005	0.012
231	50	2.700	0.024	6.580	0.149	0.068	0.009	0.014	0.002	0.462	0.013	0.469	0.014	0.005	0.012
232	50	2.696	0.024	6.560	0.143	0.067	0.009	0.014	0.002	0.462	0.013	0.468	0.014	0.005	0.012
233	50	2.692	0.025	6.500	0.144	0.068	0.010	0.014	0.002	0.462	0.013	0.468	0.014	0.005	0.012
234	50	2.692	0.025	6.440	0.146	0.068	0.010	0.014	0.003	0.461	0.013	0.467	0.014	0.005	0.012
235	50	2.688	0.025	6.440	0.146	0.068	0.010	0.014	0.003	0.462	0.013	0.467	0.014	0.004	0.013
236	50	2.684	0.026	6.420	0.149	0.068	0.010	0.014	0.003	0.462	0.013	0.467	0.015	0.003	0.013
237	50	2.680	0.026	6.380	0.151	0.070	0.010	0.014	0.003	0.461	0.013	0.466	0.015	0.003	0.013
238	50	2.680	0.026	6.380	0.151	0.070	0.010	0.014	0.002	0.462	0.013	0.467	0.015	0.002	0.013
239	50	2.648	0.029	6.380	0.151	0.074	0.011	0.014	0.002	0.462	0.013	0.466	0.015	-0.001	0.013
240	50	2.636	0.030	6.380	0.151	0.074	0.011	0.014	0.003	0.462	0.013	0.466	0.015	-0.001	0.014
241	50	2.636	0.030	6.340	0.150	0.074	0.011	0.014	0.003	0.462	0.013	0.466	0.015	-0.004	0.014
242	50	2.628	0.031	6.320	0.152	0.073	0.011	0.014	0.003	0.462	0.013	0.465	0.015	-0.005	0.014
243	50	2.628	0.031	6.260	0.148	0.073	0.011	0.014	0.003	0.461	0.013	0.464	0.015	-0.005	0.014
244	50	2.628	0.031	6.220	0.144	0.074	0.011	0.014	0.003	0.462	0.013	0.463	0.015	-0.009	0.014
245	50	2.624	0.032	6.220	0.144	0.073	0.011	0.014	0.002	0.460	0.013	0.463	0.015	-0.007	0.015
246	50	2.620	0.032	6.200	0.146	0.073	0.010	0.013	0.003	0.460	0.013	0.462	0.015	-0.008	0.015
247	50	2.612	0.033	6.180	0.150	0.075	0.011	0.013	0.003	0.459	0.013	0.461	0.015	-0.008	0.015
248	50	2.604	0.033	6.160	0.149	0.077	0.011	0.013	0.003	0.457	0.013	0.459	0.015	-0.008	0.015
249	50	2.600	0.035	6.100	0.144	0.079	0.011	0.013	0.003	0.457	0.013	0.459	0.015	-0.008	0.015
250	50	2.600	0.035	6.100	0.144	0.078	0.011	0.013	0.003	0.457	0.013	0.459	0.015	-0.008	0.015
251	50	2.600	0.035	6.100	0.144	0.080	0.011	0.013	0.003	0.456	0.013	0.457	0.015	-0.009	0.015
252	50	2.600	0.035	6.100	0.144	0.080	0.011	0.013	0.003	0.456	0.014	0.457	0.015	-0.008	0.015
253	50	2.596	0.035	6.040	0.151	0.080	0.012	0.012	0.003	0.455	0.014	0.457	0.015	-0.009	0.015
254	50	2.592	0.034	6.040	0.151	0.079	0.012	0.012	0.003	0.454	0.014	0.456	0.015	-0.008	0.015
255	50	2.584	0.036	6.040	0.151	0.077	0.012	0.012	0.003	0.454	0.014	0.456	0.015	-0.007	0.015
256	50	2.584	0.036	6.000	0.151	0.078	0.012	0.013	0.003	0.453	0.014	0.455	0.015	-0.007	0.015
257	50	2.584	0.036	6.000	0.151	0.078	0.012	0.012	0.003	0.453	0.014	0.455	0.015	-0.008	0.015
258	50	2.580	0.035	5.960	0.154	0.078	0.012	0.012	0.003	0.453	0.014	0.455	0.015	-0.008	0.015
259	50	2.568	0.036	5.960	0.154	0.077	0.011	0.012	0.003	0.453	0.014	0.455	0.015	-0.009	0.015
260	50	2.568	0.036	5.940	0.158	0.077	0.012	0.012	0.003	0.454	0.014	0.455	0.015	-0.013	0.016
261	50	2.568	0.036	5.920	0.153	0.077	0.012	0.012	0.004	0.455	0.014	0.455	0.016	-0.014	0.016
262	50	2.564	0.038	5.900	0.152	0.076	0.011	0.012	0.004	0.454	0.014	0.454	0.016	-0.015	0.017
263	50	2.560	0.038	5.900	0.152	0.076	0.011	0.012	0.004	0.453	0.014	0.452	0.016	-0.016	0.017
264	50	2.556	0.038	5.820	0.156	0.076	0.011	0.011	0.004	0.453	0.014	0.452	0.016	-0.018	0.016
265	50	2.552	0.038	5.800	0.154	0.079	0.011	0.011	0.004	0.453	0.014	0.451	0.016	-0.019	0.016
266	50	2.548	0.037	5.780	0.152	0.078	0.011	0.011	0.004	0.452	0.014	0.451	0.016	-0.018	0.016
267	50	2.544	0.037	5.760	0.150	0.079	0.011	0.011	0.004	0.452	0.014	0.450	0.016	-0.019	0.016
268	50	2.536	0.036	5.760	0.150	0.080	0.011	0.011	0.004	0.452	0.014	0.450	0.016	-0.019	0.016
269	50	2.532	0.036	5.740	0.148	0.081	0.011	0.011	0.004	0.451	0.014	0.449	0.016	-0.019	0.016
270	50	2.520	0.037	5.720	0.149	0.079	0.011	0.011	0.004	0.450	0.014	0.448	0.016	-0.020	0.016
271	50	2.512	0.037	5.700	0.149	0.079	0.012	0.011	0.004	0.452	0.014	0.447	0.016	-0.027	0.018
272	50	2.508	0.037	5.680	0.150	0.078	0.012	0.011	0.004	0.451	0.014	0.446	0.016	-0.026	0.018
273	50	2.504	0.038	5.640	0.156	0.078	0.012	0.011	0.004	0.451	0.014	0.446	0.016	-0.029	0.020
274	50	2.500	0.040	5.600	0.151	0.079	0.012	0.011	0.004	0.451	0.014	0.445	0.016	-0.032	0.021
275	50	2.500	0.040	5.600	0.151	0.080	0.012	0.011	0.004	0.451	0.014	0.445	0.016	-0.032	0.021
276	50	2.492	0.040	5.600	0.151	0.081	0.013	0.011	0.004	0.446	0.015	0.444	0.016	-0.024	0.018
277	50	2.492	0.040	5.580	0.149	0.081	0.013	0.011	0.004	0.447	0.014	0.443	0.016	-0.025	0.018
278	50	2.492	0.040	5.560	0.152	0.081	0.013	0.011	0.004	0.449	0.015	0.443	0.016	-0.029	0.018
279	50	2.480	0.040	5.500	0.149	0.083	0.013	0.011	0.004	0.447	0.015	0.442	0.017	-0.029	0.018
280	50	2.480	0.040	5.500	0.149	0.084	0.013	0.011	0.004	0.446	0.015	0.440	0.016	-0.029	0.018
281	50	2.480	0.040	5.480	0.154	0.085	0.013	0.011	0.004	0.445	0.015	0.439	0.016	-0.032	0.018
282	50	2.480	0.040	5.480	0.154	0.085	0.013	0.011	0.004	0.446	0.015	0.439	0.016	-0.033	0.018
283	50	2.476	0.040	5.440	0.159	0.084	0.013	0.010	0.004	0.446	0.015	0.440	0.016	-0.033	0.019
284	50	2.476	0.040	5.440	0.159	0.084	0.013	0.010	0.004	0.447	0.015	0.441	0.016	-0.032	0.018
285	50	2.476	0.040	5.400	0.164	0.085	0.013	0.011	0.004	0.446	0.015	0.440	0.016	-0.029	0.017
286	50	2.476	0.040	5.400	0.164	0.085	0.013	0.011	0.004	0.448	0.014	0.440	0.016	-0.038	0.024
287	50	2.468	0.041	5.380	0.161	0.089	0.013	0.011	0.004	0.447	0.014	0.439	0.016	-0.039	0.024
288	50	2.456	0.042	5.360	0.161	0.089	0.013	0.011	0.004	0.446	0.014	0.438	0.016	-0.040	0.024
289	49	2.478	0.037	5.408	0.157	0.085	0.013	0.011	0.004	0.448	0.015	0.442	0.016	-0.024	0.015
290	49	2.478	0.037	5.367	0.159	0.085	0.013	0.010	0.004	0.447	0.014	0.442	0.016	-0.023	0.015
291	49	2.469	0.036	5.367	0.159	0.086	0.013	0.010	0.004	0.447	0.014	0.441	0.016	-0.026	0.016
292	49	2.465	0.037	5.367	0.159	0.087	0.013	0.011	0.004	0.446	0.014	0.441	0.016	-0.023	0.015
293	49	2.461	0.037	5.367	0.159	0.089	0.013	0.011	0.004	0.445	0.014	0.440	0.016	-0.021	0.015
294	49	2.457	0.036	5.347	0.161	0.088	0.013	0.011	0.004	0.445	0.014	0.439	0.016	-0.024	0.015
295	49	2.449	0.039	5.327	0.161	0.090	0.013	0.011	0.004	0.445	0.014	0.439	0.016	-0.024	0.015
296	49	2.449	0.039	5.306	0.163	0.090	0.013	0.010	0.005	0.444	0.014	0.439	0.015	-0.024	0.014
297	49	2.445	0.039	5.265	0.162	0.089	0.013	0.010	0.005	0.444	0.014	0.439	0.015	-0.022	0.015
298	49	2.441	0.039	5.204	0.165	0.088	0.013	0.010	0.005	0.444	0.015	0.439	0.016	-0.022	0.014
299	49	2.433	0.039	5.184	0.162	0.091	0.013	0.010	0.005	0.445	0.015	0.438	0.016	-0.026	0.015
300	49	2.420	0.039	5.163	0.158	0.094	0.013	0.010	0.005	0.444	0.015	0.436	0.016	-0.027	0.014
301	49	2.416	0.040	5.143	0.162	0.094	0.013	0.010	0.005	0.443	0.015	0.435	0.016	-0.026	0.014
302	49	2.416	0.040	5.122	0.161	0.095	0.013	0.009	0.004	0.441	0.015	0.434	0.015	-0.024	0.014
303	49	2.412	0.039	5.102	0.163	0.094	0.014	0.010	0.005	0.443	0.015	0.434	0.015	-0.029	0.015
304	49	2.408	0.039	5.061	0.158	0.095	0.014	0.010	0.005	0.442	0.015	0.434	0.015	-0.029	0.014
305	49	2.408	0.039	5.061	0.158	0.095	0.014	0.010	0.005	0.441	0.015	0.433	0.015	-0.027	0.014
306	49	2.400	0.040	5.020	0.150	0.099	0.014	0.010	0.005	0.441	0.015	0.431	0.015	-0.031	0.015
307	49	2.396	0.040	5.000	0.152	0.100	0.014	0.009	0.005	0.438	0.015	0.430	0.016	-0.031	0.016
308	49	2.396	0.040	5.000	0.152	0.101	0.014	0.009	0.005	0.437	0.015	0.429	0.016	-0.027	0.016
309	49	2.388	0.041	5.000	0.152	0.103	0.014	0.009	0.005	0.434	0.015	0.427	0.015	-0.025	0.015
310	49	2.380	0.041	4.980	0.156	0.105	0.014	0.009	0.005	0.435	0.015	0.427	0.015	-0.027	0.014
311	49	2.376	0.041	4.959	0.151	0.107	0.014	0.009	0.005	0.434	0.015	0.425	0.015	-0.028	0.014
312	49	2.371	0.041	4.959	0.151	0.106	0.014	0.009	0.005	0.437	0.015	0.426	0.015	-0.032	0.014
313	49	2.371	0.041	4.959	0.151	0.106	0.014	0.009	0.005	0.437	0.015	0.426	0.015	-0.033	0.014
314	49	2.371	0.041	4.939	0.150	0.106	0.014	0.008	0.005	0.437	0.016	0.426	0.015	-0.034	0.015
315	49	2.359	0.042	4.939	0.150	0.102	0.014	0.008	0.005	0.437	0.015	0.426	0.015	-0.035	0.015
316	49	2.355	0.043	4.918	0.151	0.105	0.014	0.007	0.005	0.436	0.015	0.425	0.015	-0.033	0.016
317	49	2.355	0.043	4.918	0.151	0.105	0.014	0.007	0.005	0.436	0.016	0.424	0.015	-0.037	0.016
318	49	2.343	0.042	4.857	0.162	0.107	0.014	0.000	0.009	0.436	0.015	0.424	0.015	-0.039	0.016
319	49	2.339	0.043	4.857	0.162	0.107	0.014	0.000	0.009	0.434	0.015	0.423	0.015	-0.037	0.016
320	49	2.327	0.044	4.857	0.162	0.109	0.015	0.001	0.009	0.431	0.016	0.419	0.016	-0.040	0.017
321	49	2.327	0.044	4.837	0.163	0.110	0.015	0.002	0.009	0.430	0.016	0.418	0.016	-0.039	0.018
322	49	2.327	0.044	4.796	0.162	0.110	0.015	0.002	0.009	0.432	0.017	0.418	0.016	-0.045	0.018
323	49	2.322	0.046	4.776	0.166	0.112	0.015	0.002	0.009	0.432	0.017	0.417	0.016	-0.045	0.018
324	49	2.322	0.046	4.755	0.161	0.113	0.015	0.002	0.009	0.431	0.017	0.415	0.016	-0.048	0.018
325	49	2.318	0.046	4.735	0.162	0.113	0.015	0.003	0.009	0.432	0.017	0.415	0.016	-0.049	0.018
326	49	2.310	0.044	4.735	0.162	0.110	0.015	0.002	0.009	0.431	0.017	0.415	0.016	-0.048	0.018
327	49	2.298	0.045	4.735	0.162	0.109	0.015	0.002	0.009	0.433	0.017	0.414	0.016	-0.054	0.019
328	49	2.298	0.045	4.735	0.162	0.109	0.015	0.002	0.010	0.434	0.017	0.415	0.016	-0.054	0.019
329	49	2.290	0.044	4.673	0.158	0.108	0.015	0.002	0.010	0.431	0.017	0.414	0.016	-0.050	0.019
330	49	2.282	0.044	4.612	0.162	0.109	0.015	0.001	0.010	0.434	0.017	0.412	0.015	-0.061	0.020
331	49	2.282	0.044	4.612	0.162	0.109	0.015	0.000	0.010	0.432	0.017	0.411	0.015	-0.056	0.020
332	49	2.282	0.044	4.551	0.157	0.109	0.015	0.000	0.010	0.433	0.018	0.411	0.015	-0.057	0.023
333	49	2.282	0.044	4.551	0.157	0.109	0.015	0.001	0.010	0.431	0.019	0.411	0.016	-0.052	0.023
334	49	2.282	0.044	4.531	0.160	0.109	0.015	-0.001	0.010	0.431	0.019	0.410	0.015	-0.055	0.023
335	49	2.282	0.044	4.531	0.160	0.109	0.015	-0.000	0.010	0.429	0.018	0.409	0.015	-0.053	0.024
336	49	2.269	0.045	4.510	0.165	0.111	0.015	-0.001	0.010	0.430	0.019	0.410	0.015	-0.057	0.026
337	49	2.269	0.045	4.510	0.165	0.111	0.015	-0.001	0.010	0.427	0.019	0.408	0.015	-0.054	0.026
338	49	2.257	0.046	4.490	0.163	0.114	0.015	-0.001	0.010	0.426	0.019	0.407	0.015	-0.055	0.027
339	49	2.241	0.046	4.469	0.163	0.114	0.015	-0.001	0.010	0.430	0.019	0.409	0.015	-0.060	0.027
340	49	2.241	0.046	4.469	0.163	0.115	0.015	-0.002	0.010	0.429	0.019	0.408	0.015	-0.059	0.027
341	49	2.241	0.046	4.449	0.160	0.115	0.015	-0.002	0.010	0.426	0.019	0.408	0.015	-0.053	0.027
342	48	2.242	0.047	4.500	0.155	0.116	0.015	-0.002	0.010	0.419	0.016	0.407	0.015	-0.040	0.022
343	48	2.242	0.047	4.479	0.152	0.116	0.015	-0.002	0.010	0.418	0.016	0.406	0.015	-0.039	0.022
344	48	2.233	0.047	4.479	0.152	0.116	0.015	-0.002	0.011	0.415	0.016	0.405	0.015	-0.037	0.023
345	48	2.229	0.048	4.438	0.149	0.114	0.015	-0.002	0.011	0.416	0.016	0.406	0.015	-0.039	0.024
346	48	2.221	0.047	4.438	0.149	0.115	0.015	-0.002	0.011	0.412	0.016	0.403	0.015	-0.036	0.024
347	47	2.238	0.045	4.468	0.149	0.112	0.015	-0.002	0.011	0.410	0.016	0.405	0.015	-0.025	0.024
348	47	2.234	0.044	4.468	0.149	0.110	0.015	-0.002	0.011	0.412	0.016	0.406	0.015	-0.028	0.025
349	47	2.217	0.044	4.447	0.151	0.112	0.016	-0.001	0.011	0.411	0.016	0.403	0.016	-0.034	0.024
350	47	2.209	0.045	4.426	0.154	0.113	0.016	-0.002	0.011	0.408	0.016	0.403	0.016	-0.027	0.024
351	47	2.191	0.049	4.404	0.157	0.115	0.017	-0.002	0.011	0.407	0.017	0.399	0.017	-0.040	0.028
352	47	2.179	0.048	4.404	0.157	0.117	0.017	-0.002	0.011	0.407	0.017	0.400	0.017	-0.039	0.028
353	47	2.170	0.048	4.340	0.159	0.119	0.017	-0.002	0.011	0.406	0.017	0.399	0.017	-0.040	0.028
354	46	2.183	0.045	4.348	0.156	0.112	0.015	-0.002	0.012	0.413	0.017	0.403	0.016	-0.041	0.027
355	46	2.183	0.045	4.304	0.158	0.112	0.015	-0.002	0.012	0.415	0.017	0.403	0.016	-0.044	0.028
356	46	2.183	0.045	4.261	0.166	0.113	0.015	-0.010	0.014	0.413	0.017	0.401	0.017	-0.046	0.030
357	46	2.178	0.046	4.261	0.166	0.111	0.015	-0.010	0.014	0.414	0.018	0.402	0.016	-0.046	0.030
358	46	2.174	0.047	4.239	0.165	0.112	0.015	-0.008	0.014	0.415	0.018	0.402	0.016	-0.048	0.030
359	46	2.161	0.047	4.239	0.165	0.110	0.015	-0.009	0.014	0.416	0.017	0.402	0.016	-0.053	0.030
360	46	2.148	0.047	4.239	0.165	0.110	0.015	-0.010	0.014	0.417	0.017	0.401	0.016	-0.057	0.030
361	46	2.143	0.046	4.196	0.169	0.113	0.015	-0.011	0.014	0.417	0.017	0.400	0.016	-0.064	0.031
362	46	2.143	0.046	4.174	0.171	0.113	0.015	-0.011	0.014	0.414	0.017	0.400	0.016	-0.059	0.031
363	46	2.135	0.047	4.152	0.170	0.113	0.015	-0.011	0.014	0.412	0.017	0.398	0.016	-0.058	0.031
364	46	2.109	0.049	4.087	0.164	0.119	0.016	-0.006	0.012	0.409	0.017	0.394	0.017	-0.064	0.031
365	46	2.100	0.050	4.087	0.164	0.120	0.016	-0.005	0.012	0.409	0.016	0.394	0.017	-0.066	0.031
366	46	2.100	0.050	4.065	0.166	0.121	0.016	-0.006	0.012	0.406	0.016	0.393	0.017	-0.061	0.030
367	46	2.100	0.050	4.065	0.166	0.122	0.016	-0.006	0.012	0.405	0.016	0.391	0.017	-0.064	0.030
368	46	2.096	0.050	4.000	0.173	0.124	0.016	-0.010	0.013	0.404	0.016	0.388	0.017	-0.069	0.031
369	46	2.091	0.050	3.957	0.170	0.123	0.016	-0.010	0.013	0.405	0.016	0.389	0.017	-0.071	0.031
370	46	2.087	0.050	3.957	0.170	0.124	0.016	-0.010	0.013	0.403	0.016	0.387	0.016	-0.071	0.031
371	45	2.089	0.051	3.978	0.170	0.128	0.017	-0.005	0.013	0.399	0.015	0.383	0.017	-0.072	0.032
372	45	2.080	0.051	3.956	0.174	0.125	0.016	-0.008	0.014	0.398	0.016	0.381	0.017	-0.077	0.034
373	45	2.062	0.053	3.889	0.180	0.127	0.016	-0.007	0.014	0.396	0.016	0.377	0.017	-0.090	0.039
374	45	2.053	0.053	3.889	0.180	0.132	0.017	-0.008	0.014	0.396	0.016	0.376	0.017	-0.095	0.038
375	45	2.040	0.053	3.889	0.180	0.138	0.017	-0.009	0.014	0.394	0.017	0.372	0.017	-0.104	0.040
376	45	2.036	0.054	3.889	0.180	0.137	0.017	-0.009	0.014	0.396	0.016	0.373	0.017	-0.105	0.040
377	45	2.018	0.057	3.867	0.179	0.138	0.017	-0.011	0.014	0.396	0.017	0.366	0.018	-0.140	0.044
378	44	2.027	0.058	3.864	0.183	0.132	0.016	-0.008	0.014	0.400	0.016	0.370	0.018	-0.139	0.043
379	44	2.023	0.058	3.841	0.184	0.129	0.016	-0.008	0.014	0.401	0.016	0.372	0.018	-0.134	0.043
380	42	2.043	0.054	3.857	0.185	0.129	0.017	-0.004	0.015	0.401	0.016	0.374	0.017	-0.111	0.039
381	42	2.029	0.051	3.857	0.185	0.129	0.017	-0.004	0.015	0.399	0.016	0.372	0.017	-0.115	0.038
382	42	2.014	0.053	3.786	0.185	0.133	0.018	-0.012	0.018	0.394	0.017	0.368	0.017	-0.109	0.039
383	42	2.010	0.053	3.762	0.180	0.136	0.018	-0.010	0.018	0.393	0.017	0.367	0.018	-0.108	0.038
384	41	2.015	0.053	3.780	0.180	0.135	0.019	-0.015	0.018	0.394	0.018	0.367	0.018	-0.109	0.039
385	41	2.015	0.053	3.756	0.184	0.137	0.018	-0.023	0.021	0.395	0.018	0.365	0.018	-0.114	0.040
386	40	2.025	0.053	3.750	0.195	0.135	0.018	-0.012	0.018	0.393	0.018	0.366	0.018	-0.103	0.039
387	40	2.010	0.054	3.675	0.194	0.145	0.018	-0.000	0.014	0.393	0.019	0.361	0.017	-0.115	0.040
388	40	1.995	0.055	3.650	0.184	0.149	0.019	0.000	0.014	0.392	0.020	0.361	0.017	-0.116	0.044
389	39	1.990	0.057	3.692	0.184	0.151	0.020	0.005	0.014	0.384	0.020	0.360	0.018	-0.099	0.045
390	39	1.964	0.061	3.641	0.174	0.151	0.020	0.009	0.014	0.382	0.022	0.355	0.019	-0.098	0.049
391	39	1.964	0.061	3.590	0.175	0.150	0.019	0.001	0.017	0.384	0.021	0.357	0.019	-0.105	0.048
392	39	1.954	0.060	3.564	0.175	0.150	0.019	0.000	0.016	0.384	0.021	0.354	0.019	-0.120	0.045
393	38	1.958	0.059	3.500	0.188	0.144	0.018	0.005	0.017	0.387	0.021	0.359	0.018	-0.099	0.041
394	37	1.968	0.059	3.486	0.192	0.141	0.018	0.005	0.017	0.384	0.021	0.361	0.019	-0.083	0.040
395	37	1.951	0.061	3.459	0.204	0.146	0.018	0.008	0.017	0.378	0.021	0.356	0.019	-0.087	0.042
396	37	1.941	0.061	3.405	0.203	0.148	0.018	0.011	0.016	0.374	0.021	0.353	0.019	-0.084	0.043
397	37	1.930	0.061	3.378	0.203	0.144	0.019	0.010	0.016	0.371	0.021	0.351	0.019	-0.080	0.042
398	37	1.924	0.061	3.351	0.198	0.149	0.019	0.011	0.016	0.375	0.021	0.349	0.018	-0.098	0.042
399	37	1.924	0.061	3.324	0.194	0.148	0.019	0.011	0.016	0.374	0.021	0.350	0.019	-0.092	0.041
400	36	1.922	0.062	3.306	0.202	0.152	0.020	0.007	0.018	0.368	0.020	0.348	0.019	-0.087	0.040
401	36	1.917	0.063	3.306	0.202	0.149	0.019	0.008	0.018	0.368	0.020	0.348	0.019	-0.088	0.040
402	35	1.920	0.065	3.343	0.205	0.149	0.021	0.007	0.017	0.370	0.021	0.351	0.020	-0.086	0.038
403	32	1.944	0.069	3.406	0.210	0.138	0.021	0.010	0.017	0.371	0.023	0.358	0.021	-0.059	0.036
404	32	1.944	0.069	3.375	0.200	0.138	0.021	0.008	0.016	0.370	0.023	0.356	0.021	-0.065	0.039
405	32	1.937	0.067	3.344	0.204	0.136	0.021	0.008	0.016	0.373	0.023	0.356	0.021	-0.073	0.039
406	32	1.919	0.064	3.312	0.203	0.132	0.022	0.009	0.015	0.373	0.023	0.355	0.021	-0.078	0.039
407	32	1.912	0.062	3.281	0.202	0.134	0.021	0.009	0.015	0.372	0.023	0.352	0.021	-0.081	0.038
408	32	1.906	0.063	3.219	0.209	0.137	0.022	0.017	0.013	0.378	0.023	0.353	0.021	-0.096	0.038
409	32	1.894	0.061	3.188	0.208	0.140	0.022	0.017	0.013	0.376	0.023	0.351	0.021	-0.093	0.038
410	31	1.916	0.055	3.161	0.213	0.147	0.022	0.016	0.014	0.385	0.022	0.359	0.019	-0.092	0.039
411	30	1.927	0.055	3.167	0.220	0.149	0.023	0.016	0.014	0.386	0.023	0.361	0.020	-0.090	0.041
412	29	1.917	0.059	3.172	0.228	0.150	0.024	0.018	0.015	0.377	0.022	0.356	0.021	-0.096	0.046
413	29	1.910	0.061	3.172	0.228	0.150	0.023	0.018	0.015	0.373	0.022	0.354	0.021	-0.095	0.050
414	29	1.910	0.061	3.172	0.228	0.148	0.023	0.014	0.015	0.376	0.022	0.356	0.022	-0.096	0.050
415	29	1.903	0.060	3.172	0.228	0.149	0.024	0.011	0.015	0.380	0.022	0.357	0.022	-0.108	0.048
416	28	1.879	0.060	3.179	0.236	0.160	0.024	0.009	0.015	0.374	0.022	0.348	0.021	-0.116	0.049
417	27	1.896	0.060	3.185	0.239	0.153	0.024	0.006	0.015	0.381	0.023	0.354	0.021	-0.110	0.050
418	25	1.912	0.061	3.200	0.238	0.142	0.025	0.007	0.017	0.381	0.023	0.358	0.021	-0.095	0.046
419	25	1.912	0.061	3.200	0.238	0.145	0.025	0.006	0.017	0.376	0.023	0.356	0.022	-0.082	0.044
420	25	1.880	0.062	3.160	0.243	0.147	0.024	0.000	0.019	0.373	0.022	0.353	0.021	-0.085	0.045
421	25	1.864	0.063	3.120	0.247	0.146	0.023	0.005	0.020	0.371	0.022	0.354	0.022	-0.080	0.047
422	23	1.896	0.064	3.261	0.211	0.144	0.025	0.002	0.021	0.384	0.022	0.363	0.023	-0.093	0.049
423	23	1.878	0.070	3.174	0.224	0.149	0.027	0.010	0.019	0.379	0.024	0.358	0.022	-0.087	0.051
424	23	1.878	0.070	3.174	0.224	0.148	0.027	0.012	0.019	0.380	0.024	0.359	0.023	-0.086	0.050
425	22	1.873	0.073	3.227	0.227	0.147	0.028	0.006	0.020	0.376	0.025	0.349	0.021	-0.100	0.052
426	22	1.873	0.073	3.182	0.215	0.149	0.028	0.005	0.020	0.375	0.026	0.348	0.021	-0.095	0.051
427	22	1.873	0.073	3.182	0.215	0.148	0.028	0.004	0.019	0.376	0.026	0.350	0.021	-0.093	0.051
428	22	1.864	0.073	3.182	0.215	0.154	0.028	0.011	0.015	0.376	0.026	0.346	0.022	-0.104	0.053
429	20	1.890	0.072	3.200	0.200	0.148	0.029	0.011	0.017	0.392	0.025	0.360	0.021	-0.106	0.053
430	20	1.880	0.070	3.200	0.200	0.149	0.029	0.007	0.016	0.399	0.026	0.360	0.022	-0.130	0.053
431	20	1.880	0.070	3.200	0.200	0.149	0.029	0.006	0.016	0.400	0.027	0.358	0.022	-0.139	0.055
432	20	1.860	0.071	3.200	0.200	0.158	0.029	0.009	0.017	0.399	0.027	0.355	0.022	-0.145	0.057
433	20	1.830	0.068	3.150	0.209	0.158	0.030	0.002	0.022	0.396	0.027	0.355	0.022	-0.137	0.058
434	19	1.832	0.072	3.211	0.196	0.155	0.032	0.004	0.023	0.392	0.028	0.350	0.022	-0.141	0.061
435	19	1.811	0.077	3.211	0.196	0.163	0.030	0.007	0.027	0.384	0.028	0.349	0.022	-0.127	0.064
436	18	1.789	0.078	3.000	0.181	0.155	0.032	0.007	0.028	0.371	0.030	0.344	0.025	-0.107	0.064
437	18	1.756	0.089	2.944	0.189	0.159	0.033	-0.001	0.026	0.372	0.032	0.336	0.025	-0.133	0.074
438	18	1.756	0.089	2.944	0.189	0.158	0.033	-0.002	0.026	0.372	0.032	0.337	0.025	-0.131	0.073
439	17	1.776	0.092	3.000	0.192	0.155	0.035	-0.007	0.025	0.372	0.033	0.338	0.026	-0.128	0.079
440	16	1.775	0.098	3.062	0.193	0.157	0.037	0.003	0.024	0.367	0.035	0.340	0.028	-0.107	0.081
441	16	1.750	0.101	3.000	0.204	0.156	0.038	-0.006	0.027	0.350	0.035	0.332	0.030	-0.087	0.079
442	16	1.738	0.096	2.938	0.213	0.156	0.038	-0.006	0.027	0.354	0.036	0.332	0.031	-0.102	0.081
443	15	1.760	0.092	2.933	0.228	0.141	0.037	-0.000	0.029	0.370	0.040	0.333	0.033	-0.148	0.081
444	15	1.747	0.097	2.933	0.228	0.149	0.043	-0.001	0.029	0.370	0.041	0.333	0.034	-0.160	0.086
445	15	1.747	0.097	2.933	0.228	0.150	0.043	-0.002	0.029	0.366	0.039	0.331	0.033	-0.150	0.083
446	15	1.707	0.091	2.867	0.256	0.159	0.043	0.023	0.013	0.352	0.041	0.327	0.033	-0.125	0.093
447	14	1.714	0.078	2.857	0.275	0.176	0.046	0.004	0.018	0.364	0.038	0.325	0.035	-0.180	0.077
448	13	1.723	0.077	2.923	0.288	0.195	0.049	0.011	0.021	0.375	0.041	0.334	0.035	-0.177	0.087
449	12	1.733	0.083	2.833	0.297	0.209	0.052	0.023	0.029	0.375	0.045	0.337	0.037	-0.159	0.090
450	12	1.700	0.080	2.833	0.297	0.215	0.052	0.030	0.030	0.367	0.047	0.330	0.038	-0.155	0.090
451	12	1.700	0.080	2.750	0.279	0.212	0.053	0.031	0.030	0.375	0.052	0.332	0.039	-0.169	0.094
452	12	1.700	0.080	2.750	0.279	0.212	0.053	0.027	0.027	0.382	0.051	0.331	0.039	-0.208	0.106
453	12	1.683	0.083	2.750	0.279	0.212	0.053	0.026	0.027	0.382	0.051	0.329	0.040	-0.226	0.107
454	12	1.667	0.086	2.750	0.279	0.214	0.054	0.026	0.027	0.369	0.055	0.327	0.040	-0.184	0.118
455	11	1.691	0.091	2.727	0.304	0.202	0.057	0.018	0.024	0.382	0.058	0.342	0.041	-0.170	0.130
456	10	1.680	0.100	2.700	0.335	0.196	0.063	0.017	0.027	0.371	0.063	0.344	0.045	-0.134	0.137
457	6	1.833	0.120	3.000	0.447	0.136	0.065	-0.011	0.036	0.440	0.081	0.387	0.041	-0.135	0.173
458	6	1.833	0.120	3.000	0.447	0.136	0.065	-0.011	0.036	0.440	0.081	0.387	0.041	-0.135	0.173
459	6	1.833	0.120	2.833	0.307	0.139	0.064	-0.012	0.036	0.438	0.080	0.383	0.039	-0.139	0.172
460	6	1.833	0.120	2.833	0.307	0.139	0.064	-0.012	0.036	0.438	0.080	0.383	0.039	-0.139	0.172
461	6	1.833	0.120	2.833	0.307	0.139	0.064	-0.012	0.036	0.438	0.080	0.383	0.039	-0.139	0.172
462	6	1.833	0.120	2.833	0.307	0.139	0.064	-0.012	0.036	0.438	0.080	0.383	0.039	-0.139	0.172
463	6	1.800	0.103	2.833	0.307	0.142	0.064	-0.000	0.042	0.449	0.084	0.373	0.037	-0.201	0.188
464	6	1.800	0.103	2.833	0.307	0.142	0.064	-0.000	0.042	0.449	0.084	0.373	0.037	-0.201	0.188
465	6	1.767	0.131	2.833	0.307	0.131	0.058	-0.001	0.042	0.465	0.076	0.377	0.038	-0.236	0.163
466	4	1.700	0.191	3.000	0.408	0.160	0.084	-0.035	0.051	0.375	0.075	0.364	0.057	-0.057	0.181
467	4	1.700	0.191	3.000	0.408	0.163	0.082	-0.036	0.051	0.372	0.073	0.360	0.055	-0.059	0.181
468	4	1.700	0.191	3.000	0.408	0.163	0.082	-0.036	0.051	0.372	0.073	0.360	0.055	-0.059	0.181
469	4	1.700	0.191	3.000	0.408	0.160	0.084	-0.031	0.052	0.381	0.079	0.362	0.056	-0.073	0.180
470	4	1.700	0.191	3.000	0.408	0.161	0.083	-0.025	0.054	0.393	0.086	0.360	0.055	-0.101	0.181
471	4	1.700	0.191	3.000	0.408	0.161	0.083	-0.025	0.054	0.393	0.086	0.360	0.055	-0.101	0.181
472	4	1.700	0.191	3.000	0.408	0.161	0.083	-0.025	0.054	0.393	0.086	0.360	0.055	-0.101	0.181
473	4	1.700	0.191	3.000	0.408	0.161	0.083	-0.025	0.054	0.393	0.086	0.360	0.055	-0.101	0.181
474	3	1.867	0.133	3.000	0.577	0.110	0.101	-0.047	0.070	0.478	0.097	0.366	0.079	-0.312	0.021
475	3	1.867	0.133	3.000	0.577	0.110	0.101	-0.047	0.070	0.478	0.097	0.366	0.079	-0.312	0.021
476	3	1.867	0.133	3.000	0.577	0.110	0.101	-0.053	0.067	0.467	0.088	0.368	0.081	-0.286	0.048
477	3	1.867	0.133	3.000	0.577	0.110	0.101	-0.053	0.067	0.467	0.088	0.368	0.081	-0.286	0.048
478	3	1.867	0.133	3.000	0.577	0.110	0.101	-0.053	0.067	0.467	0.088	0.368	0.081	-0.286	0.048
479	3	1.867	0.133	3.000	0.577	0.110	0.101	-0.053	0.067	0.467	0.088	0.368	0.081	-0.286	0.048
480	3	1.867	0.133	3.000	0.577	0.110	0.101	-0.053	0.067	0.467	0.088	0.368	0.081	-0.286	0.048
481	3	1.867	0.133	3.000	0.577	0.110	0.101	-0.053	0.067	0.467	0.088	0.368	0.081	-0.286	0.048
482	2	2.000	0.000	3.500	0.500	0.009	0.012	0.014	0.007	0.550	0.050	0.440	0.065	-0.262	0.071
483	1	2.000	.	4.000	.	-0.002	.	0.007	.	0.600	.	0.504	.	-0.190	.
484	1	2.000	.	4.000	.	-0.002	.	0.007	.	0.600	.	0.504	.	-0.190	.
485	1	2.000	.	4.000	.	-0.002	.	0.007	.	0.600	.	0.504	.	-0.190	.
486	1	2.000	.	4.000	.	-0.002	.	0.007	.	0.600	.	0.504	.	-0.190	.
487	1	2.000	.	4.000	.	-0.002	.	0.007	.	0.600	.	0.504	.	-0.190	.
488	1	2.000	.	4.000	.	-0.000	.	0.007	.	0.533	.	0.519	.	-0.027	.
489	1	2.000	.	4.000	.	-0.000	.	0.007	.	0.533	.	0.519	.	-0.027	.
490	1	2.000	.	4.000	.	-0.000	.	0.007	.	0.533	.	0.519	.	-0.027	.
491	1	2.000	.	4.000	.	-0.000	.	0.007	.	0.533	.	0.519	.	-0.027	.
492	1	1.800	.	3.000	.	0.105	.	-0.002	.	0.480	.	0.514	.	0.066	.
493	1	1.800	.	3.000	.	0.109	.	-0.003	.	0.550	.	0.497	.	-0.107	.
494	1	1.600	.	2.000	.	0.139	.	-0.139	.	0.467	.	0.456	.	-0.024	.
495	1	1.600	.	2.000	.	0.139	.	-0.139	.	0.467	.	0.456	.	-0.024	.
496	1	1.600	.	2.000	.	0.139	.	-0.139	.	0.467	.	0.456	.	-0.024	.
497	1	1.600	.	2.000	.	0.139	.	-0.139	.	0.467	.	0.456	.	-0.024	.
498	1	1.600	.	2.000	.	0.139	.	-0.139	.	0.467	.	0.456	.	-0.024	.
499	1	1.600	.	2.000	.	0.139	.	-0.139	.	0.467	.	0.456	.	-0.024	.
500	1	1.600	.	2.000	.	0.139	.	-0.139	.	0.467	.	0.456	.	-0.024	.
